colbert Medium Baseline

================================================================================
TOPK   Queries  MAP      MRR      P@1      P@5      P@10    
================================================================================
5      16       0.0935   0.9375   0.8750   0.6500   0.6500  
10     16       0.1334   0.9375   0.8750   0.6500   0.5250  
20     16       0.1702   0.9375   0.8750   0.6500   0.5250  
25     16       0.1798   0.9375   0.8750   0.6500   0.5250  
40     16       0.2003   0.9375   0.8750   0.6500   0.5250  
50     16       0.2092   0.9375   0.8750   0.6500   0.5250  
80     16       0.2290   0.9375   0.8750   0.6500   0.5250  
100    16       0.2364   0.9375   0.8750   0.6500   0.5250  
150    16       0.2515   0.9375   0.8750   0.6500   0.5250  
180    16       0.2597   0.9375   0.8750   0.6500   0.5250  
200    16       0.2623   0.9375   0.8750   0.6500   0.5250  
250    16       0.2689   0.9375   0.8750   0.6500   0.5250  
400    16       0.2826   0.9375   0.8750   0.6500   0.5250  
500    16       0.2884   0.9375   0.8750   0.6500   0.5250  
1000   16       0.2986   0.9375   0.8750   0.6500   0.5250  
================================================================================


cnn 8 16 dataset

67




============================================================
TOPK   Queries  MAP      MRR      P@1      P@5      P@10    
============================================================
5      16       0.0950   0.9062   0.8750   0.5875   0.4812  
10     16       0.1215   0.9167   0.8750   0.5875   0.4812  
20     16       0.1532   0.9167   0.8750   0.5875   0.4812  
25     16       0.1658   0.9167   0.8750   0.5875   0.4812  
50     16       0.2011   0.9167   0.8750   0.5875   0.4812  
100    16       0.2278   0.9167   0.8750   0.5875   0.4812  
150    16       0.2447   0.9167   0.8750   0.5875   0.4812  
200    16       0.2532   0.9167   0.8750   0.5875   0.4812  
250    16       0.2596   0.9167   0.8750   0.5875   0.4812  
500    16       0.2772   0.9167   0.8750   0.5875   0.4812  
1000   16       0.2889   0.9167   0.8750   0.5875   0.4812  
============================================================

69

============================================================
TOPK   Queries  MAP      MRR      P@1      P@5      P@10    
============================================================
5      16       0.0955   0.9062   0.8750   0.6000   0.4812  
10     16       0.1218   0.9152   0.8750   0.6000   0.4812  
20     16       0.1518   0.9152   0.8750   0.6000   0.4812  
25     16       0.1666   0.9152   0.8750   0.6000   0.4812  
50     16       0.2027   0.9152   0.8750   0.6000   0.4812  
100    16       0.2292   0.9152   0.8750   0.6000   0.4812  
150    16       0.2453   0.9152   0.8750   0.6000   0.4812  
200    16       0.2541   0.9152   0.8750   0.6000   0.4812  
250    16       0.2597   0.9152   0.8750   0.6000   0.4812  
500    16       0.2775   0.9152   0.8750   0.6000   0.4812  
1000   16       0.2895   0.9152   0.8750   0.6000   0.4812  
============================================================


70

============================================================
TOPK   Queries  MAP      MRR      P@1      P@5      P@10    
============================================================
5      16       0.0965   0.9062   0.8750   0.6000   0.4813  
10     16       0.1225   0.9062   0.8750   0.6000   0.4813  
20     16       0.1545   0.9115   0.8750   0.6000   0.4813  
25     16       0.1681   0.9115   0.8750   0.6000   0.4813  
50     16       0.2037   0.9115   0.8750   0.6000   0.4813  
100    16       0.2303   0.9115   0.8750   0.6000   0.4813  
150    16       0.2467   0.9115   0.8750   0.6000   0.4813  
200    16       0.2553   0.9115   0.8750   0.6000   0.4813  
250    16       0.2607   0.9115   0.8750   0.6000   0.4813  
500    16       0.2789   0.9115   0.8750   0.6000   0.4813  
1000   16       0.2909   0.9115   0.8750   0.6000   0.4813  
============================================================


dataset sm cnn 8

colber Medium SM 


================================================================================
TOPK   Queries  MAP      MRR      P@1      P@5      P@10    
================================================================================
5      5        0.0739   0.9000   0.8000   0.5600   0.5600  
10     5        0.0913   0.9000   0.8000   0.5600   0.4200  
20     5        0.1009   0.9000   0.8000   0.5600   0.4200  
25     5        0.1063   0.9000   0.8000   0.5600   0.4200  
40     5        0.1236   0.9000   0.8000   0.5600   0.4200 
50     5        0.1293   0.9000   0.8000   0.5600   0.4200  
80     5        0.1434   0.9000   0.8000   0.5600   0.4200  
100    5        0.1511   0.9000   0.8000   0.5600   0.4200  
150    5        0.1630   0.9000   0.8000   0.5600   0.4200  
180    5        0.1689   0.9000   0.8000   0.5600   0.4200  
200    5        0.1712   0.9000   0.8000   0.5600   0.4200  
250    5        0.1813   0.9000   0.8000   0.5600   0.4200  
400    5        0.1975   0.9000   0.8000   0.5600   0.4200  
500    5        0.2079   0.9000   0.8000   0.5600   0.4200  
1000   5        0.2197   0.9000   0.8000   0.5600   0.4200  
================================================================================

49
============================================================
TOPK   Queries  MAP      MRR      P@1      P@5      P@10    
============================================================
5      5        0.0758   0.9000   0.8000   0.6800   0.5400  
10     5        0.1005   0.9000   0.8000   0.6800   0.5400  
20     5        0.1314   0.9000   0.8000   0.6800   0.5400  
25     5        0.1408   0.9000   0.8000   0.6800   0.5400  
50     5        0.1672   0.9000   0.8000   0.6800   0.5400  
100    5        0.1895   0.9000   0.8000   0.6800   0.5400  
150    5        0.2000   0.9000   0.8000   0.6800   0.5400  
200    5        0.2092   0.9000   0.8000   0.6800   0.5400  
250    5        0.2154   0.9000   0.8000   0.6800   0.5400  
500    5        0.2365   0.9000   0.8000   0.6800   0.5400  
1000   5        0.2535   0.9000   0.8000   0.6800   0.5400  

59
============================================================
TOPK   Queries  MAP      MRR      P@1      P@5      P@10    
============================================================
5      5        0.0731   0.9000   0.8000   0.6400   0.5400  
10     5        0.0949   0.9000   0.8000   0.6400   0.5400  
20     5        0.1356   0.9000   0.8000   0.6400   0.5400  
25     5        0.1397   0.9000   0.8000   0.6400   0.5400  
50     5        0.1641   0.9000   0.8000   0.6400   0.5400  
100    5        0.1863   0.9000   0.8000   0.6400   0.5400  
150    5        0.1978   0.9000   0.8000   0.6400   0.5400  
200    5        0.2057   0.9000   0.8000   0.6400   0.5400  
250    5        0.2117   0.9000   0.8000   0.6400   0.5400  
500    5        0.2328   0.9000   0.8000   0.6400   0.5400  
1000   5        0.2499   0.9000   0.8000   0.6400   0.5400  
============================================================


cnn 8 16 dataset

colbert Medium 16 

================================================================================
TOPK   Queries  MAP      MRR      P@1      P@5      P@10    
================================================================================
5      16       0.0935   0.9375   0.8750   0.6500   0.6500  
10     16       0.1334   0.9375   0.8750   0.6500   0.5250  
20     16       0.1702   0.9375   0.8750   0.6500   0.5250  
25     16       0.1798   0.9375   0.8750   0.6500   0.5250  
40     16       0.2003   0.9375   0.8750   0.6500   0.5250  
50     16       0.2092   0.9375   0.8750   0.6500   0.5250  
80     16       0.2290   0.9375   0.8750   0.6500   0.5250  
100    16       0.2364   0.9375   0.8750   0.6500   0.5250  
150    16       0.2515   0.9375   0.8750   0.6500   0.5250  
180    16       0.2597   0.9375   0.8750   0.6500   0.5250  
200    16       0.2623   0.9375   0.8750   0.6500   0.5250  
250    16       0.2689   0.9375   0.8750   0.6500   0.5250  
400    16       0.2826   0.9375   0.8750   0.6500   0.5250  
500    16       0.2884   0.9375   0.8750   0.6500   0.5250  
1000   16       0.2986   0.9375   0.8750   0.6500   0.5250  
================================================================================




38 

============================================================
TOPK   Queries  MAP      MRR      P@1      P@5      P@10    
============================================================
5      16       0.0896   0.9531   0.9375   0.5250   0.4500  
10     16       0.1161   0.9531   0.9375   0.5250   0.4500  
20     16       0.1468   0.9531   0.9375   0.5250   0.4500  
25     16       0.1591   0.9531   0.9375   0.5250   0.4500  
50     16       0.1918   0.9531   0.9375   0.5250   0.4500  
100    16       0.2204   0.9531   0.9375   0.5250   0.4500  
150    16       0.2381   0.9531   0.9375   0.5250   0.4500  
200    16       0.2468   0.9531   0.9375   0.5250   0.4500  
250    16       0.2528   0.9531   0.9375   0.5250   0.4500  
500    16       0.2691   0.9531   0.9375   0.5250   0.4500  
1000   16       0.2813   0.9531   0.9375   0.5250   0.4500  
============================================================

39

============================================================
TOPK   Queries  MAP      MRR      P@1      P@5      P@10    
============================================================
5      16       0.0916   0.9531   0.9375   0.5375   0.4625  
10     16       0.1174   0.9531   0.9375   0.5375   0.4625  
20     16       0.1488   0.9531   0.9375   0.5375   0.4625  
25     16       0.1607   0.9531   0.9375   0.5375   0.4625  
50     16       0.1925   0.9531   0.9375   0.5375   0.4625  
100    16       0.2218   0.9531   0.9375   0.5375   0.4625  
150    16       0.2388   0.9531   0.9375   0.5375   0.4625  
200    16       0.2476   0.9531   0.9375   0.5375   0.4625  
250    16       0.2538   0.9531   0.9375   0.5375   0.4625  
500    16       0.2699   0.9531   0.9375   0.5375   0.4625  
1000   16       0.2820   0.9531   0.9375   0.5375   0.4625  
============================================================

40
============================================================
TOPK   Queries  MAP      MRR      P@1      P@5      P@10    
============================================================
5      16       0.0928   0.9531   0.9375   0.5375   0.4500  
10     16       0.1165   0.9531   0.9375   0.5375   0.4500  
20     16       0.1505   0.9531   0.9375   0.5375   0.4500  
25     16       0.1616   0.9531   0.9375   0.5375   0.4500  
50     16       0.1951   0.9531   0.9375   0.5375   0.4500  
100    16       0.2230   0.9531   0.9375   0.5375   0.4500  
150    16       0.2408   0.9531   0.9375   0.5375   0.4500  
200    16       0.2492   0.9531   0.9375   0.5375   0.4500  
250    16       0.2553   0.9531   0.9375   0.5375   0.4500  
500    16       0.2721   0.9531   0.9375   0.5375   0.4500  
1000   16       0.2838   0.9531   0.9375   0.5375   0.4500  
============================================================

43

============================================================
TOPK   Queries  MAP      MRR      P@1      P@5      P@10    
============================================================
5      16       0.0928   0.9531   0.9375   0.5375   0.4313  
10     16       0.1142   0.9531   0.9375   0.5375   0.4313  
20     16       0.1512   0.9531   0.9375   0.5375   0.4313  
25     16       0.1619   0.9531   0.9375   0.5375   0.4313  
50     16       0.1955   0.9531   0.9375   0.5375   0.4313  
100    16       0.2234   0.9531   0.9375   0.5375   0.4313  
150    16       0.2405   0.9531   0.9375   0.5375   0.4313  
200    16       0.2490   0.9531   0.9375   0.5375   0.4313  
250    16       0.2561   0.9531   0.9375   0.5375   0.4313  
500    16       0.2721   0.9531   0.9375   0.5375   0.4313  
1000   16       0.2842   0.9531   0.9375   0.5375   0.4313  
============================================================

44
============================================================
TOPK   Queries  MAP      MRR      P@1      P@5      P@10    
============================================================
5      16       0.0910   0.9531   0.9375   0.5375   0.4375  
10     16       0.1148   0.9531   0.9375   0.5375   0.4375  
20     16       0.1472   0.9531   0.9375   0.5375   0.4375  
25     16       0.1596   0.9531   0.9375   0.5375   0.4375  
50     16       0.1938   0.9531   0.9375   0.5375   0.4375  
100    16       0.2220   0.9531   0.9375   0.5375   0.4375  
150    16       0.2396   0.9531   0.9375   0.5375   0.4375  
200    16       0.2484   0.9531   0.9375   0.5375   0.4375  
250    16       0.2551   0.9531   0.9375   0.5375   0.4375  
500    16       0.2716   0.9531   0.9375   0.5375   0.4375  
1000   16       0.2831   0.9531   0.9375   0.5375   0.4375  
============================================================

46

============================================================
TOPK   Queries  MAP      MRR      P@1      P@5      P@10    
============================================================
5      16       0.0927   0.9531   0.9375   0.5500   0.4437  
10     16       0.1155   0.9531   0.9375   0.5500   0.4437  
20     16       0.1486   0.9531   0.9375   0.5500   0.4437  
25     16       0.1603   0.9531   0.9375   0.5500   0.4437  
50     16       0.1956   0.9531   0.9375   0.5500   0.4437  
100    16       0.2230   0.9531   0.9375   0.5500   0.4437  
150    16       0.2407   0.9531   0.9375   0.5500   0.4437  
200    16       0.2492   0.9531   0.9375   0.5500   0.4437  
250    16       0.2562   0.9531   0.9375   0.5500   0.4437  
500    16       0.2723   0.9531   0.9375   0.5500   0.4437  
1000   16       0.2839   0.9531   0.9375   0.5500   0.4437  


51

============================================================
TOPK   Queries  MAP      MRR      P@1      P@5      P@10    
============================================================
5      16       0.0943   0.9500   0.9375   0.5500   0.4250  
10     16       0.1135   0.9500   0.9375   0.5500   0.4250  
20     16       0.1498   0.9500   0.9375   0.5500   0.4250  
25     16       0.1630   0.9500   0.9375   0.5500   0.4250  
50     16       0.1982   0.9500   0.9375   0.5500   0.4250  
100    16       0.2247   0.9500   0.9375   0.5500   0.4250  
150    16       0.2433   0.9500   0.9375   0.5500   0.4250  
200    16       0.2520   0.9500   0.9375   0.5500   0.4250  
250    16       0.2574   0.9500   0.9375   0.5500   0.4250  
500    16       0.2752   0.9500   0.9375   0.5500   0.4250  
1000   16       0.2865   0.9500   0.9375   0.5500   0.4250  

cnn 18 sm dataset

colber Medium SM 


================================================================================
TOPK   Queries  MAP      MRR      P@1      P@5      P@10    
================================================================================
5      5        0.0739   0.9000   0.8000   0.5600   0.5600  
10     5        0.0913   0.9000   0.8000   0.5600   0.4200  
20     5        0.1009   0.9000   0.8000   0.5600   0.4200  
25     5        0.1063   0.9000   0.8000   0.5600   0.4200  
40     5        0.1236   0.9000   0.8000   0.5600   0.4200  
50     5        0.1293   0.9000   0.8000   0.5600   0.4200  
80     5        0.1434   0.9000   0.8000   0.5600   0.4200  
100    5        0.1511   0.9000   0.8000   0.5600   0.4200  
150    5        0.1630   0.9000   0.8000   0.5600   0.4200  
180    5        0.1689   0.9000   0.8000   0.5600   0.4200  
200    5        0.1712   0.9000   0.8000   0.5600   0.4200  
250    5        0.1813   0.9000   0.8000   0.5600   0.4200  
400    5        0.1975   0.9000   0.8000   0.5600   0.4200  
500    5        0.2079   0.9000   0.8000   0.5600   0.4200  
1000   5        0.2197   0.9000   0.8000   0.5600   0.4200  
================================================================================

47
============================================================
TOPK   Queries  MAP      MRR      P@1      P@5      P@10    
============================================================
5      5        0.0727   0.9000   0.8000   0.6800   0.5400  
10     5        0.1059   0.9000   0.8000   0.6800   0.5400  
20     5        0.1247   0.9000   0.8000   0.6800   0.5400  
25     5        0.1352   0.9000   0.8000   0.6800   0.5400  
50     5        0.1555   0.9000   0.8000   0.6800   0.5400  
100    5        0.1794   0.9000   0.8000   0.6800   0.5400  
150    5        0.1912   0.9000   0.8000   0.6800   0.5400  
200    5        0.2002   0.9000   0.8000   0.6800   0.5400  
250    5        0.2082   0.9000   0.8000   0.6800   0.5400  
500    5        0.2330   0.9000   0.8000   0.6800   0.5400  
1000   5        0.2472   0.9000   0.8000   0.6800   0.5400  
============================================================

48


============================================================
TOPK   Queries  MAP      MRR      P@1      P@5      P@10    
============================================================
5      5        0.0735   0.9000   0.8000   0.6800   0.5400  
10     5        0.1069   0.9000   0.8000   0.6800   0.5400  
20     5        0.1256   0.9000   0.8000   0.6800   0.5400  
25     5        0.1388   0.9000   0.8000   0.6800   0.5400  
50     5        0.1558   0.9000   0.8000   0.6800   0.5400  
100    5        0.1802   0.9000   0.8000   0.6800   0.5400  
150    5        0.1923   0.9000   0.8000   0.6800   0.5400  
200    5        0.2020   0.9000   0.8000   0.6800   0.5400  
250    5        0.2107   0.9000   0.8000   0.6800   0.5400  
500    5        0.2346   0.9000   0.8000   0.6800   0.5400  
1000   5        0.2493   0.9000   0.8000   0.6800   0.5400  
============================================================

49


============================================================
TOPK   Queries  MAP      MRR      P@1      P@5      P@10    
============================================================
5      5        0.0740   0.9000   0.8000   0.6800   0.5400  
10     5        0.1073   0.9000   0.8000   0.6800   0.5400  
20     5        0.1261   0.9000   0.8000   0.6800   0.5400  
25     5        0.1367   0.9000   0.8000   0.6800   0.5400  
50     5        0.1566   0.9000   0.8000   0.6800   0.5400  
100    5        0.1803   0.9000   0.8000   0.6800   0.5400  
150    5        0.1927   0.9000   0.8000   0.6800   0.5400  
200    5        0.2024   0.9000   0.8000   0.6800   0.5400  
250    5        0.2103   0.9000   0.8000   0.6800   0.5400  
500    5        0.2348   0.9000   0.8000   0.6800   0.5400  
1000   5        0.2491   0.9000   0.8000   0.6800   0.5400  
============================================================

52

============================================================
TOPK   Queries  MAP      MRR      P@1      P@5      P@10    
============================================================
5      5        0.0740   0.9000   0.8000   0.6800   0.5400  
10     5        0.1064   0.9000   0.8000   0.6800   0.5400  
20     5        0.1262   0.9000   0.8000   0.6800   0.5400  
25     5        0.1385   0.9000   0.8000   0.6800   0.5400  
50     5        0.1543   0.9000   0.8000   0.6800   0.5400  
100    5        0.1806   0.9000   0.8000   0.6800   0.5400  
150    5        0.1929   0.9000   0.8000   0.6800   0.5400  
200    5        0.2034   0.9000   0.8000   0.6800   0.5400  
250    5        0.2113   0.9000   0.8000   0.6800   0.5400  
500    5        0.2352   0.9000   0.8000   0.6800   0.5400  
1000   5        0.2498   0.9000   0.8000   0.6800   0.5400  
============================================================

60

============================================================
TOPK   Queries  MAP      MRR      P@1      P@5      P@10    
============================================================
5      5        0.0723   0.9000   0.8000   0.6400   0.5400  
10     5        0.1064   0.9000   0.8000   0.6400   0.5400  
20     5        0.1281   0.9000   0.8000   0.6400   0.5400  
25     5        0.1382   0.9000   0.8000   0.6400   0.5400  
50     5        0.1560   0.9000   0.8000   0.6400   0.5400  
100    5        0.1839   0.9000   0.8000   0.6400   0.5400  
150    5        0.1951   0.9000   0.8000   0.6400   0.5400  
200    5        0.2046   0.9000   0.8000   0.6400   0.5400  
250    5        0.2133   0.9000   0.8000   0.6400   0.5400  
500    5        0.2391   0.9000   0.8000   0.6400   0.5400  
1000   5        0.2518   0.9000   0.8000   0.6400   0.5400  
============================================================

64

============================================================
TOPK   Queries  MAP      MRR      P@1      P@5      P@10    
============================================================
5      5        0.0723   0.9000   0.8000   0.6400   0.5200  
10     5        0.1031   0.9000   0.8000   0.6400   0.5200  
20     5        0.1330   0.9000   0.8000   0.6400   0.5200  
25     5        0.1386   0.9000   0.8000   0.6400   0.5200  
50     5        0.1577   0.9000   0.8000   0.6400   0.5200  
100    5        0.1846   0.9000   0.8000   0.6400   0.5200  
150    5        0.1958   0.9000   0.8000   0.6400   0.5200  
200    5        0.2058   0.9000   0.8000   0.6400   0.5200  
250    5        0.2154   0.9000   0.8000   0.6400   0.5200  
500    5        0.2397   0.9000   0.8000   0.6400   0.5200  
1000   5        0.2530   0.9000   0.8000   0.6400   0.5200  
============================================================