1800
18927
6712
53836 18189 54220
39517
49017 17820
57319
18536 32732 15396
48486
38372
5841
30495 13850
42978
47877
52923 3093
10441 54067
51666
24191
52980 41682 32578 1833
15189
27071 6743 8205
50047 40829
47984 7832
26618 35514
50385
17020
7429
27569 25248
8844
12959
10494 38606 31931 49329
34041
10467 24819 7295
54409 12189
8149 54071 9929 31296 11608 17837 11595 17017
56767 10638 49285
19583 37627 7538 21794
6951
50439
3322
49063
37653
55755 10606
38239 51967 39009
35705 28553 1795 49273
36432
31657
35809
52857 29260
4504
28859
36149
14804
24379
43378
48193
51352
41403
6948
34511 51682
39962
50373
44743
28346
56346
31845
55559 7497
45548 18605 32977 13287 14936
47550 18036
3973 10438
26737 26060
38181
50102 21195 39441 44122 46379 38192
4448
14918
19504
8922 34285
18780
55065 16970 46510 46068
17282
43296 8675
28830 34432
36429 26099
12663 35255 50643
15479 33502
44949
56991
14077 28665 10725 19357
14285 16250
5725 26738
25460 21065
56830 53431 53342
22923 15434 9811 23123 48359
42971 37798
16176
42905
20894
33223
48011 51608
4361
15326 47583
32592
44771
41371
29648 50602 55205
52084 5751
32055
22161 50370 2238 21182 1230 23966 29542
33668
56166 42834 20822
23597 37805 27705 33109
38383
5445 40403
27796
27263
44175 17795 21072 14796 13153
26042 15097
31443
6413 6835
32304 21916 11039
33410 46395 30628 33506
16020
46417
47976 52815 17569
35442 27703 2981 41460
6801 11588 17659
34936 15246 55773 13422
36315
11391 56876
53499
34873
56861 38985 41749
56410
4702 57329 25310 8397
31193
12597
22972
32704
27040 42168 2054 38035 39091
38414
47311
42046
54084
44270
39354
12070
8423
47446
29439
48455 53453 35755 2017
2412
31446 26515
51308
37525
17194 17126 36565
49391 54423 43667 1190 51416 54310 5492 44940 53388 48038 8809 36047 9785
43985
40078 7100 44528
3354 29546
42659
616 13879
9856
31661
43746
32958 28624
18636
10142
34735
46763
38075 18120 40755 47589
16603
32810
6374 25038
41712
23526 40872
7581 5775
51996 30961
9470 47164
29403
10197 7236 17403
13949 18369
57292 15626 56405
28158
11312
14905 12829 37820 10953
32275
15876
36153 37064 30976
10492 8674
40276
35468
44208
43204
9439
47188
34264
23622
19388 29126 14914 10312 38391
19758
680 16305 22868
51903 11654
46025
36543 52901
16629
19638
39414
5957
3565
497
12807
41059 37373 34756 26669 15312
32796
32919
328 7375 55494
26262
42650 3813 21767
7521
54588
37118
36035
33265
17571 15756 15169
18519
7558 37675
9763
17471 47521 36903 51881
39209 7182
13707 19435 4621
13328
56465 29776 11232 18962 1254
49424
33776
26610 24925 51266 54361
5355
21257 41236
31750
55302 51448
56604 18517
40598
39549 33440
41812
46555
17710
5293
14391 26859 20528
46951
51880
34060
7712
31381
14764
55915
52525
43638
31538
5520
21642
49897 30947 13231 20279 51526 14388
23954
38459
10971 8770
16087
1688 2892
26999 34140
39828 3067
11104
20027
30901
56020
9912
12535 49423 32712
16792
20469 55735 50735 2736 9463 12644 26413 9816
57432 44518
45895
27622 27141
33660
13661
16503 35682 33650 49592
25231 53917 11135
17275 51224 28004
8724 5326 41277
21946
21605 9433
1590 11824
1067 55270 12594 56406
50183 54689
32989 43062
19516
7550
27520
38091
32950 40752
56692 1918
17942
18360
38292 12128
7809 7949
23180
30887 16699 54926
21277
28926
4239 55709
5432
28887
34721 6144
10398
19549
13118
12790 6924
3120 25126
19270
37073
56701
9968
39753 14479
25797 50252 42717
41423 53683
40949
15290
1430
22612
15827 3935
38527 34113
19660
22091 22967 19565 28846 32364 37460
45611
33470 53765
12267 45103 50003 5028
14315
19243
50158
46465 19827 48407 27451 19382 13966 43560
44258 55746 8059 1831
41011 23409
11861
8656
46897
57120
31351
27892 3011
4660
43677
26896
5190 9026
3403 2159
23621 36339
31570 22150
2222
57312
34532
56638
56670
4285
28904
47864
15734 45155 56392 35479 48216
52511
54762
20262
47293 29818
13719
2629 20172
24690
4054
37566 11889
45109
10296 8598
1004 32449 55089 54500
18826
43720
47938 6243
23139 35823 18402 53487 48735 24303
33599
21058
28799
12284 55912 16421 43093
18906 37813
7527
55108 27147 33615 41198
42719
18846
804 29620
12167
37119
45923 13215 16121 35775
50502
30097
12530 55828
48654
17005 5112
32531
53270
8518
22787
6274
5664 10076
21281
6608
9030
17160 9930
47389 14039
25471
40552 15934
36812
14403 7138 38248 39256
41502 16408 18404
13732
44060
20015
44629 22524 42494
49411
53451 38839
57579
40146
31677
51935
35013
54837
12907 16130
52942
15974
36495
47459
7097
16069
34058
10257 7771 23903 25896 34779 30758 33772 48514
47395
45201
33459
42647
38591 48361
5005 2552
49790
24043 12209 24250 42480
13709 40612
28614 36569
57595
28580 43880
9882
33863 18713 35157
40197
18762
27190 28856 45157
21757
56532 25572 47664
41095
8352
36844
28266 27391
53489
43574
18329 37415 35509 27086
23990
48392
7505 1497
26382
47235
39740 28814 55093
2560 54840
50738
44620 5640 19045
6637
40888 44808
51290 28323
3863
3610 35808 34833
48433 11969
53894
31305
7032
6587 13516 36330
49230 48676
11877
28740
148
46766
22326 6093
19657
45051
1376
18638
14518 47606 46957 21498
21028
5950
39118
15315
7358 54751 23950
28071 46250
4091 9321 57542
49907 3406
23533
11191
21758 14007 11158
54960
10351
42104
56353
41158 28041 45509 40538 28555 49653 14410
57159
37020
15323
1097
16857
21842 57050 30314
9465 6070
55529
37220 44862 42245 46640 27047 10399
11843 34643 6309 27650 5726 25232 39947 46618 9660
5981
8241
41637
39536 48388 37380 865 20781
3616 56135 50495 37699
47701
13744 53192
23690 4103
39896
41353
11236
9781 504 31216
25388
43689 4960
45527 17916
24760
23413
31761 17116
32454
13298
4911 2232 37660 26210
40415 54014 40712 28481 46498 20926 43646 53229 38816
2096 2975
231
14339 6171 52218
13969
21671 47316
42468
21460
32577 23885
55714
30031
35219 14907
46101
25442
8578 24429 22611 22397 12291
45095
11583
48196
42781
42031 13125 51053 30714 8586 54251
23796 37493 10734 16496 49444 3086
26923
15812
8622 15995 49662
49038
47800
46146
53283 29638
16231 10629
8991
27643
54490
42467 8894
5103
33362
28414 56630
6356 23128 46312
44328 24186
37155 21689 56149 46392
52171 761 44932 42694 40910
52095
48485
50670 51758
45836 40416
34186
50018
29086
38580 25482 32437 36008 42782 39254 40376
35216 23443
8620
13998 46355 52015
28819 24723
32683
9183 7380
46433 36625 55211 50900 10300 56756 43333 9641 31519 42249 9315 40737 12405 27294
19722
18685 31895 15596 38697
17676
37207 45276 19599
43706
38217
46086 21825 6111 9193 2430 40208
56277 33127
42200 43365 18910
14900
29794
54469
36849 29452 31485
56887
51717 2896 13657
52681
37083 22157 15533 49559 16561 47981 14221 51877 32207
57204
15197
7230
18264
11441 8958 39968 50316
36937
25214 25165 44019
3107
53776 24622 30305
7679 45647 46340
31283 48881
44090 49564 42619 34688 55082 46773 43641
57528 16555
50304
33477 51867 31671 46273
54372
5824
56162
6864 15745
24882 23153
6985 24803
53828 48497 16207 36906 50814 40543
51582
24365 18622
56516 40681
45683 12168 3947 22949 14501 560 42510 5849
24724 38307 10529 45933 40045
50859 48252
11233
6084
23278 8442
8271 14301 33213 34838
23634 12871
52565 21821 35740 1969 47739
17047 28810 4616 32524 23333 13616
42176
5528
55337
37174
9509
42213
41540 11710
22845
20859
35951 13465
7953 9276
27527 1750 17843 11635 44567
14901
32343 48333 29734 56287 23573 43131 50127 54026
13758
42187 40359 30778
24848 33785 54611 15736
25900 50011 1415 20289
7603
56524 23264
4134 45414
47069 38583 20491 39213 54955 47469 40373 25829 41787
6049 16162 17435 39303 12813 36698 17954 42731 9196 44213
48435 7031
45484 39915 22197 5572
46568 13649
32064 17882
20778
55401 32390
40838 38531
56916 27603 16964
38604
28711 35424
45740 14051 52963 39187
6615 10239 50921
18728 12769 45387
30061 51214
3468
12572
5601
45307 4831
19608 17871 56108
39181 29432 2792 7802
36259 34282 35185
41910 23643 12148 55989
21023 13000 53134
1771 43539 9992
32493 27835 44613 5222 20386 52483 16782 48947
16511 49631
2561 46551 1219
15313 15458 43577 24286 2609 26914
45048 3012 33742 49706 11572 21766 54209 4643 46444 56985
23528 2351
11611 15537
27157
882 1503 44872
22913 44201
8342
43495 49778 784 1792 35223 33173
14911 45325 31271 25616 17347
27121
9776 5212 33595 30051 3187 28419
18655 26230 49125
33001 22554 54126 16663
16720 1095 19851
5210 40590 10689 57269 12810 20625
7916 3918 24766 50446 51220 43055
56975
22322 52514
18291 18303 1026 55280 15208 43617 13752 50825 42318
45052
51282 49555 23024
16676 56251 21408 19379 37792 27585 26093 11787 40929 42654 46915 38998 56954 19293 31553 906 4305 31836 3294 29275 19993 25523 18559
3961
30029
28963 14230
33824 54904
1359
34909 9787 13606 13956
16960 41394 7720 36291 32657
19241
55362
54380 2266 51064
546 3260 54244 33375 929
595 19266 1794 28699 52343
10463
25435 33305 2374
10367
30397
6237 24451
9946 29096
19368
7793 49164
553
37275
11766
11439
32179 40081
51330
50872 7277
6870 49510 35213
29494 17550 14823
8353 16202 37453 12313
48595 34177 42718 39420 31539 5641 615 20739
43054
19350
34329 2593 50934
22470 35197 36364 54354 19204
44196 33775 37927 38963 29475 57603 39473
43175 29822
17300
20930
16085 14530
43106 17944
4423
51453
34865 54219
54606 49177
23810 27054 25154 16286
34597
39618 20033 42293
3979 30563 3029
33349 14810 54030
33415 7041 33442 47750
16551 33229 9543 45934 20876 36553 31091 39819 5319 37378 37439
16656 32113 53391 8227 13175
45049 15999 30619 39243 8848 44698 3812
20228 19769 47111
47367 43391 42164 53429 49934 31402
31329 35603
44099 39189 37303
22561 52585 50740 40452 35372 5829 44884
16820 12048 24557
8727 45241 49639 7564 25108
8709
40975
7859 7591 10720
29834
53093 7698 33961 13035 39751 28277
43542 49798 48281 39134 36610 37121 30500 13698 28213
50240 24559
18222
6014 55381 35291
27168
33321
39182 31674
9144 31150 25738 54048
20113
40846 46921 29072 15773 9250 55158 9863 7823 7184 29755 9027 40660 54387 30867 51579 11235 24572 15976 55156
36418
13212 2858
34032
18579
100 16470
24611 48877
26996 23125 21420 40252 51664 8757 222 53608 11543 20430
36037 40234 42811 52114 12147
54040 31888 14531
55572 55325 16658 22626 23927 18160 1202 28564 52173 11387 51084 51150 57257 7009
43650 47614
17119 57541
49181 29256
18567
40520
21544
7135
39159 4543 56084
8874
2014
3836 28441
30374 39106
11593 33197
5017 37783 11840 14525
7997
42560 51081
3063 53576 18602 25606 38274 37606 50129
4410
5295
142 56437 2224
57132 35812 7301
38054 26313 41720
17167 11985 29847 53966
54716 48067 1774
56530
23053
7628 15100
21636 52518
52432 28316 36189 29712
36651 31119 30940 4975
36751 43609
46100
6548 28898 26092 39021
2356 33511
51357 26936 47490
54039 31662
28104 5144 2863 36287
53098 51089 22358
12670
13098 23412 50237 27575
319 32243
25901 6612 33846
31910 24596
33915 42341
34572
32294 33516 35181 35081 50399 24409
54473 48021 4173
47798
36836 52860 5735 4411
37551 15176 41733
15405
19267 11653 47582
26473
21612
54296 9675 18731 42757 35929 33351
24378 17434 36639 53114 55141 27651
26924 17003
38931
26965
1941 48334 29430 37998
52836
26310 51619
30242 17652 22925
30596
38229 44990
46419 14004 55449
31926 166
55459
18578 20602
17469 26203 31102
8854 39390
10249 44412
24651 43664 18953
37043
25890 57033
41317 43115 26991 34697 33761 31456 18892
39267 28364 1196 19169 37342 21548 47598 51134 10050 23846 11754 36709 33788 21079
27158
11417 25782 4501
27332 41453
6350 7620 9056 28774
11091
22017 4405 25768 12409
31397 33865 10126
20191 33560
50216 16997 31861 48997 38593 40853 37273 56938
38878
11372
33156 45145 366
27915
36356
6290 52201
51495
27990 45450
37075
55967
36140
56141 24599 55373
53050 48743
31192 9673 42748
48382 32549 3548
56549 14933
42779
51135
4308 53822
24886 49450 41832
53205 53900 13662 41820 12355 26444 29556 5422
22937 19814
43192 42642
28109 10053
33659 55353 38358
11487
23516 8212 55786 55797 29718 51663 47997 38589
40816 41113
49202 31265 30864
4
15083
494
17694
53657 36346 34128 47090 52816 52720 20996 31319 6218 56788 41706 36647 19274 42335 30389 47087 29857
36295
55953
28281 14411
23808
20919
6110 24691 26925 50265
37534 43292 23918 54073 2883 36108
25750 27339 44841
22539 20420 17297 11788 28114
24253 35101
23209 49538 1341 18808 15184 39508 37185 43240 16420 15339 15668 8995 52032 10235 48289 53932 55169 32703 26482 37597 1968 32909
15541
50310 30789 46636
53707 20346
25295 20601 35644 29852
35948
26719
44967 47609 26171 12743 46694 29684
15590 9974 41109 37628 36131 52065
9058 29541 48842
41673
22675 7424
12352 17141 41883 16467
51291 24804 21407
16798
55587 11720
52060 24176 53861 25609 12646 15559 730
3741 26530 53685 21970
30370 12320 54344
42845 56218
11281 50238 29056 19536
16376
10406 46564 5315
42874 24276 55798
30007 36502 26813 53189 16606
27421
3309
32956 443 33397
16025 45764 10562 42235 36532 7611 22457
7488
20438 26710 55314 51072
33343 6834 29061 27298
25804
50982
958
21862 30875
15550 34261
26855 31546
23520
24456 23320 4526 3084 22151
33578
53823
22510
33414 30917 1395 36933 35336
25864
57142 50309 43459 45282 1113
53988
14332 47627
24838 38650
21867 306 49153
11277 46341 51066
23301
14899 36738 10559 10004 17528
7259 50077
12428
33693 27722
38547
46195
37177
10432 9874 39567
48818 13306
11652 55959
54257 19001
27326 51430
56743
6690 13488
22291 53362 18905
45444 21667 1471
13538 11565 10592 39224 4589 21196 32424 49974 52341
44752 82
51079 9264 25113 8422
13335 52490 33752
25608
43101 40996
49463 17459 3475 57530
32147 44288
14353 15890
47486 46451 30918 17147
1895 44581
15105 56095 1880
48786 36753
48522 23401
32883
55336
53554
8125
33856
11392 25862
45368 47138 29183
24372 34022 28102
23809 13375 10610 21658
12256 43715
38947 21502
57533 32131
4603 25839
4563 33051 15455
44152 6771 53975
35635
56725
49786 50359 26455
50147 21726 28082 15291
25688 55033 13574
10713 43968 5954
23575 1632 28092
46613 36710
17349 2806
24205 32701 39765 17081 12554 47636 6827
34693 31607 48377 45522 1766 20250 23684 5437 11425 2129 3890 20717 36732 49748 4992
31160 49471 23713
3081 40494 47144 1072 55751 48301 39016 5622 51712 49313 41176
24977 30191
32978 31521 27958 24466 38539 30703 57474
8012 25875
18446 16862 47694 4024 43078 17166
620
19156
51928 39280
14592 9336 30418 53856 1704 9945 29392 27692 30293 35581
45467 4824 43148 41056
20449 50417 51010 37968
15179
27477 43678
7896 33290
13097 21380 41500 55212
13022 4536
40871 21507
52083 33513
3283 12715 30294 33559 39212 40968
37351 15509 8229 33359
7947 26082 1446 23719 47667 4866 46625
8290
39749
38693 49539 39245 33587
8474 26072
5515 40581 25526
57293 35757
8813 46651 43778 20731 17290 5470 25516 22896 3314 5402
22865 13711
19239 20001 16930
34893 29449 52112 49758 18865 14041 23549 42799
35349 22087 23994
29465 42496
30212 875 32320
24678 2021 28586
30390 14227 38060 2157
12849 38553 41741 42563
22899 14721
36183 52941
17077 51271 50986
49964
14655
37718 56441 43595
6498 34852
37157
10077 39452 55340
56241 25954
29909 5573
19683 29792 55287 46212
6091 22546 25721
9897 11533
29119 46601
4416 10925 54671 46779
42459 41361 27897 18338 2794
2780 26714 51349 22313 11303 20617 10060
4474
47273
1816 19294 36436 4284
31945 35200 17346
22084
50622 49026
21568 1578 34816 10136 52366
39942 41291 4139
37500 33628
17667
6407 9237 1080 16759
53162 33507 15951
31859
9097 8648
43898
40381 10459 27557
22665
13044
57342
35119
11005 56259 22388
46714 15233 3148
36245 39386
53423 15279 47383
4454
45089 29486
1923 2514 5596
20951 38660 56775
39490 25407
24806
41369 13095
29454
51670 11473
21855
30532
47143 53266 32203
37843 36163 38543
51306 7273 44578 33727
56049 57366 39239 42303 56298 38206
29895 19926 19226
21048
31084
11178 140 767
19261 10885
13475 14452 19567 598 1798 16148
3971 26650 12721
20102
40809 6887 10960
43273
14820 2735
53011 17513
32016
15704 20657 34843
16308
36551 5916
32584 56618 46956 48005 11888 38767 27954 53764 42824 4582
30849 53854 6389 39342 24607 44597 50584 43444 50599
6371 3326 48378 54822 33914 33195 1145 50529 55892 35340 41686 40492 26629 49751 43698 9411
14096 8678 26508 48526 25122 32359 7149 40349 15751 44435 45185 737
24288 10185
42352 48104
23804 5675 11311 47289 39500 41027 31293 12461 14321 2396 14604 2690
40018 8904 21985 3456 52050 2486
9548 3855
8633 20808 36396
12740 54929
38124 31345
45913 37915 29624 41554
14006 42979
42923 30582 54729 26053 56460
39571
41761 6062 21903 44974
23121 26212 38902 53918 48762 56168
10692
37916 35594
31155 56721 13624 19939
21558 27251
47066 56685 33260 8767 20733
43894
8364 45187 50448 24949 17724 22650 56288 53474 18980 1329 7206 30637
15946 8428 26064 46978 32785 31510 2231 22798 17637 54836
3537
21395 16671 13560 2783 25180 5308 48714
28962 41656
54193 39472 54334
49455 38257 2854 22971 56202 45972 11814 17728
10433
31453
48391
20092 23782
12438
48678
26822 18191 35021 22218 28310 33646 46745 12356 9147 55616
28395 28981
21024
10306 2909 3313 21329 45291 23711
31167
37256 12436 8123
55042
46448
7279 1226 15442
13394
11289 12080 53131
27321 3604
51304 45691 2405 19957 54236 14100 12431 11839
28298 26255 41841 6008 34435 12592 53353 14781 19385 23309
28503
26974 43860 48484 25569 9262 50954 35701
46961 33402
11894
53120
16277 57340 42000 20129 15089 6253 24461 10474 22790 5485 48586 3279 24019 10531 27162 32093 39581 29330 48007 17426
19192 33692 44241 33534
4747 38468 53716
54295 25697
53316 37307 1826 25152
10090 49167 29028
32984
45958 57311 12549
25338 23892 29939 57071
3587
40780 40200 57147 47255 39125
52017
5548 6839
1039
34118
9861 10102 26536 28635 34732 40412 42095 15188 21094
6847 57321 8358
45086 46330 3838 34889
44212 38532
11777 17015 54194 4871 11300
12899 20769
27396 8937 33401
39833 43835 24706 30038 43362
7622 29817 41072
40544 11717
26538 4315
27078 3174 36547 23394
33682 42995 40082
33413 5948 21242
19751 44626 37781 16363 4822 39185
46669
23291 889 38705 53019 1741 50691 42784 6705
25030 23346 33959
4920 32709 10936
9541 55774 19695
33092 2926
23260 6247 16398
2685 38664 52145
56774 53967
56119
49121
55808 52321
56249 20555 50976
25066 20712 14155 50950
7672 40631
5943 23780 30139 36784
5427 11704
12906 8836
52851 9504
13655 25133 56967 416
40157 29004 28038 48887 55160 6452 5174 899 6192 32088 37111
18862 57526 24114 56388
26369 48008
41896 19126
35402 17228 54639 1267
8323 28934 26376 1116 57012 38828 33031
26843 39802
32321 56195 38491
22901
12017 50545 24603 14430 24575
39410
46537 22835 49131 51705 56802 29618
10175 39553 45528
41737 2055 18868
9526 22469 24605
3307
10707
40462 40692 22101 4086 24079 16037 49529
17133 5976
43450
46633 55188
39111 29721
3929 12864 11156 40260 17743 7344
34386 23290 51511 33691 40739 57350 21918 3937 27478 29825 3522 18644 15958 39544
36179
41585
21077 7244 32337 53985 46722 35536 49839
19831 30550 38551 49731 23646 32355 55404 26532 50043 11453 24139 20176 5318 45369
18847
13781
38954 38710
55418 15809
8306 51529 29210 19721
12088 23883 20423 16887 47349
48542
34096 51764
29927
37611
23844 44701 14151 29679
30082 24699
19681
44103 10001 37181
31482 43357 25789
34854 27947 54799 56924
24188 18551
43763 53118
57160
44856 49260 37532 42571 20181 24865 5052
45918 18741 7298 6039 20592 21104 44763 41545
16291
57020 31264
41308 56559
3100 18893 22385 16589 54668 32745 1320 5397 5996 23304 42018 42880 51651 3623 27541 46790 35299 8539 29192
6028 51645 49800 22534 30955 38736 56144
49483 37196 35284 26420 8827 55868 28001 34008 26037 16497 37747 45178 52856 48809 33563 17144 35484
5956
32358 27551 41240 26443 34155 35392 56643 51192 57338
9506 29161
30371
43681
31059 32663 25793 40099 42565
14471 23048 720
50241 1076 18648
20167 39555 4820 42855 9299
51008 28719 25978
12596 11939
1000
7888 16922
1705
32288
1925 14290 39203 5357
2907 27846 35078 48921
9416
6497
27996 34758 50845
55983
22907 47546 24280 28909 21676
15540
22980 9542
14484 6681 5081 13090 41070 3301 51631
21116 37253
3090 6644
43912
37904 2859 22207
17246 23975 31023
34819
20391 50040 30115 26334 29945 5344 39842 38200 35641 434
7061
8334 28371 1577 54632 50203
48536
36821
56824
33074
49399
52506 13226 40696
4030
31040 18262 2604 45112 30727 50663 5266 31896 12976 24594 14407 38943
33060
5200 12105 3207 2218
49500 50009 56757
49101 6634 581
29894 11694
40953 16795 54350 53521 38449 15198 9357
3009
26020 44034 11443 45137 52808 30073
7007
35138 30540 15273 46259 4247
48707 26207 34928 42044 29157 15884 920 1799 25261 3638
46806 1732
45675 50649
50341 28312 26998
39826
15781 38847
893 44750 56600 11461 45214
16643 12063
32724 56030
8743
33451 46437 20307 34536 12544 49986 19459 16914 14122 15554 367
1052 28637 12025 35926 23963 24948
35867 11246
39565 13570 48078 42394 6414 54256
19874 49515 3439
8495 52893
43395 3924 34068 48529 26854 26150
35129 53185
13735 41597 17481
45144 563
29375
41336 51834 39116
18870
17955 32587 44934 29764 2643
806
41541 42736
55882 49289 37228
18837 19950
24268
205 56253
6992 15193 46710
35063 21643 8165
38514 21070 1337
21925
33379 17788 25874 4814
2962 18504
10532
10991
56304 7561 26353 36526 38852 47006 633 3032 53571
31045 41881
29044
41153
10777
15612 11271
44638 28644
52396 53479 11013 27620 48798 16802 29361 31721
1597 30075 30622 36506
25799 1164 10926 42418 55405 18337
40246 48893
54735
18319 2836
14883 11070 20674 15443
2154 1379
18835 10470 2241 20028 7477 15977
37591 35042 9161 2092
52669 50653 1440 49415 39320 39423 24509 1445 38868 6630
54830
12108 10177 45088 50757
11486 22769 54419 32190
7552 48787
35137
4649
10986 19839
44548 40471 25917
15871 54226 47360
50939
7829 37458 48168
22428 31359
10287 22536 23212
11262 699 35458 7095 36099 54852 26106 36138 33169
28703 50406 8421
42260 10289 18096
51481
19508
43347
10049 41133 11054
25970
17090 8172 30101 37830 24430 55787
1442 37662 35025 15525
13087 54916 21424 47753 37151 18526
17566 18486 9828
7461
25374 40938 40005 15425
34704 30602
22851 14656 43248
44169 5203 25067 46680 11226 30915 21386 10263 33725 1391 52515
6805
28539 57218
36672 43448 36173
7026
57368 42541
22449
11361 37600
13631 11944 10923 10106
57161 46497 55820 54787 9359
19439
11538 9624 11315
2002 8618 57421
9403 15363 52721
17584 48547 26198
26202
35805
44356
11820
5524 28482
28574
25207 56234 23700
19141
14282 46072 15237
28200 48330 20553
13705
15779 36300
36167 49784
21294 35904 25969 36063 2563 46840
48456 50999
6076 32273 57492
32260 51668
37698 772 54771
23912 1860 54937
37438 48570
9931
10837 13708 35610 42112 13546
55299 32125
47591 28932 5858 3982 42545 50842
2786 36598 17432 31375 16531 32912 50300 12688 27247 31241 29209 39781 46980 26451 30840
35363 14654
37519 9881 29327
27565 37098 18557 26284 31517 51917 17352
41724 34411 57551
11731 51243
23430 33699
12187 2132 56765 53478
3271
33700 41946
46422
39136 34755 41436
6289 50291
24534 43294 18072 17813 16937 15170 55680 16157 46069 26748 48276 41872 34513 5102 16294 34664
37703
13660 21519 36497 20116
8490 41852 17258 52089 28507 27115 46723 13522 45056 42892
17239
57545 39427 8452 56628
38212
19629 19291
27637
4393 40597 24133
29955 52691
25145 11339 21950 53238 36654 26627
52909 36203 17764 24340 8263
17484
14648
41698 18152
17890 7274 18718
29778 36362 56553 27163 47440 1598 1236 11483
43911
19219 39982 47808 8166
12993 27943 21452
47979
40095 57234 10568 17414 51465 20024
7252 10092 3041 32379
48783 11239
38975 6654 40176 32518
41939 39522 35931
14496 30878 54956 55374
24884 3800 48349 52427 9212 21375 41339 34749 45504 7470 35598 5501 22202 28785 23261 9990 50086 23106 45673 53126 44815 37487 56789
4014
38187 10632
38663 28578 33178 428
55558 32729
46657 32247 4802 2377 29873
50114 34324
38974 34956 20317 13462
12694 48371
5299 54738
20089 30393
10637 22746 37618 23938
25672 30207 19040 49771 3506
47065 41834 24680 53887 46452 32769
21036 35870 11882 12590 55482
37524 54986 27605 32083 22855 8710
31249 9859 2460
8239
46947
32936 37139 7749
12327 30113
21709 36507 4957 54972 26297
29635 17476 13652
49841
19577 132 20117
18796 13764 6867
25448
16222 21938 33941 44176 10376 49078 45141 3768 35270 51420 44249 31039 3372 8858 57353 6857 42333 52569 48788 45921 22482
23908 42414 50888
36208
45520 38979 21283
19333 8067 8882 37872 18538
28349 28474
14813 2644 14394 12682 40502
36343 10650 29597 11467 19888
16103 29488
40499 42952 17078 49066 54474 24150
20954 57393
14889
9669 33339 34488
55409 25547 56018 38299 55849 53496 42053
54273 9500 52460 19271
17538 21458 54503 47351 29372 34414 47009 10299 39601 38755 12348 6561
2748 26294 49142 40945 25629
11283 28348
40664 25818 37289 32311
27610
46888 37284 53069 35690 20705 3176 4337 45065 56562 21082
15606
27675
18640 49049 44870
56314
47259
24419
55469 11697 35660
45722 10192 36525 11090
37993
31852 39738 24030 32906
45800
32528 5019
39554
52383 52581
44972 24818
32370
19837 46500
48972
21631 32415
32504 20293 48266
39039
17826 36341 12309
16029
2175 45405 17762
41286 51837 55422
36417 32719
47832
16825
47070 4206
2284 11182 31437
44643 30372 4527
40825 50657 28303
53308 53604 211
54509 8928 27230 54879
4107 27378
17461 28658 14357
11764 55318 25938 24051
51554 1505 6012 26622
46675 24703 35294
46002 56733 31646
1513 17613
32339 18033
11108 45898 44882
50172
20408 31682 55306
2876 46320 44939 24909 8282 46794 25512 491
57224 40547 20568 18045
4952
23970 53647 31492 17245 34944
46997
18471
16939 33583
12212
42977 48551
23716 54901 9831
50225
49973 19780 45075 37478
29558 42677
55187 10349
57072 56719
30108 22844 49513
30072 32217 19670 46841 34258 13610 39315 53312 18764 55612
47032 32383 8258
9966 15788
11982
19632
54213 18101 57375 29190 23655
26173 46139 33688 50873
43023
15025 25417
7492 51911 19720 44738
14008 3675
40401 51432
29051 24764 9306 2600 20992 27094 549
38993
9618 1512
4662
40863 35485
29643 40344 20403 17830 41647 28068 42339
37077 36086 27559
18110 54161
33770
18038 55619 45595 24484 48845
34590 13460 27976 1735 49917
43982 38692 731 27556 38570 25932 56798 45485 7435 6984 43026 47421 14071 25265 29988 25060 56732
48438 26608 46768
55873 34347
13675
14754 21455 31156 37758 45554 49448 31886 36992 50616 44059
48491 47868 31122 37101 11350 18443 50624 8897 35331 15408 52479 2524 52772
49923 36129 29886 21016
27320 30266
43241 7153
4466 23984 7870 13534
41526 23079 43923 14477 50342
22738 3346 10204 42194
55275 34486
14318
20527 9409 7556 33337
29253
52589 49163 30094
25071 41021 53586
41068 38555
45627 34086
51031 32134 18767
29357 41675 9639
37120 21826 41709
55180 45970 34388 7263
9389 45131
401 35539 45442 3075 6724 11163
37087
11237
35182
39129 50519 5857 55764 38055
13763 41551 43278
24307
22496 57610 2120 4143
174 11775
22262 28118 16709 2242 28385
45287
50497 6567 24562 1017 946
14881 49185
7583 28201 1413
39188 9072
31362 11413 21491
38026 19863 31591
37960 3588 20103 3835 46707 26076
12422 26235
19947
11170 19165 37881 40336 14600 13425 26287 47312 5003 57569 6916 48355 6055 34065 34268 4022 37573 29326
30134
22670 37724 50548 17674
43915 43612 18218
42935 46590
23152 28088 5219
7604 39654 27514
27107 33633 14032 18377 15244 5199 12328 56357 48900 23631 26028 37816 24792 39094
11146 44481 23978
16996
43070 20022 57453
57042 32941 20217
52249 7986
12537 40991
23907
38923 20070
17088 35728
55727 32115 28447 23233
45441 24421 8762
31773
24119 44461 14806
41356 43460 35302
25808 36107
48557 19845 42238
49733 6488 50121 34576 4100
52734
11970 44987 24672 12027 20232
44634 30360 41759 44508 12486
29878
43426 22426 37009
32798 48793 41491 42670 8413 49704 56893 27600 41806 47051 27021 53814 4358 44341 30555 27274
49647
32472 18873
55238 48061 26722
47581 20529 4811 30732 46268 49718
53383 38783
50394 48581 45558
10557
42985
34092
48309 40399 20696 32658 35498 27316 48033
25350 6824 20452
12226 21479 24968
46817 54074 38484 2584
16628 12555
34418 46505 56649
49059 29766 35173
11542 52468
3225
40497 20939 4813 36781 4542 33347 51393
27348 44237 41646 40279 46182 21149 39035 25111 1627 29220 30644
43136 48722 25646 48270 17772 53942 40072 20261 17044 860 36901 14979
5337
3490
50830 5154 33895 10864 44107 10471 19221 34911 16237 54134 33225 15797
32809
41859 10130
17851 50168 36196 52530 33525 24859 53983
42536 6273
46890 1360
27261
5047 19861 38574 33373 47867 44956 52593 38772
16977 47210
53760 33227
25106
43327 30153
24302
5106
11028 35019 14794
5973
8912
42847 53063 34461 47897
40875 52236 34004
14490 56467
40084 18979
38149 38407
14384 22049 41252
7397 49458 26011
43833 54968
20175
57146
14572 3048
5647 43517
38781
17804
2821 54332
7875 56446
30043 55171 41098 44007
28864 45759 29477
23565
49810 16942
38194
29637 34719 33948 13179
51957 48251
55793 17888 3034 19556
27759
46819 48598
16687
16315 45310
18777 39294
6382 36773
14833 52895 44283 48071
43162 39123 50718 57452
37623 8173 8522
45334 6819
42725 10582 25219 13623 49846
52520 19399 12235 27912 54172 13370
26254 14663 55155
42994
11791 1802
43465 21780 34198
9308 6291 41773 34182 6114 18265 24066 32833 18524 8892 32448 8094 31603 10753 14596 26289 48496 20271 44024 54734 31974
11041 55499
754
5761 41400 5458
28154 8744 49197 15265
49702
17990 55775 40362 44172 52497 3648
17697 44379 53276 15806 30434 4011 138 39778 6404
52693 53054 22713
33536
15031 27606 25858
28258 51641
24036 7996 32897 32765 10759
48358 43113
24004 13613 15446
16518
39077 12763 23874 22501 47204 4252 8446 34445 24496 14582 11678 15952 46653
22284 11589 55991 19505
11462 3662
22442 38092
27105 658 56037
29943
6492 14211 6035 16947
34795
11893 6508
1191 54216 26452 2969 46299 34796 14690
13034 50819 29516 11741 7217 8053 28730 30411 23062
55332 12929
51061
16805 34628 36676
10228 45067 48410 37917
42337 29343 40425 30350 26012 42363 10579
24007
44982
34594 56146 47786 9012 7373
34586 17410 53264
55993 9285 30022
27804 44144
36387
33909 6176 37312 8427
26987
16568
21565 7325
22878 12044 8417
21801
50174 23641 18240 9899 14057
19787
14414
3541
12304 45928 4108 8388 29092 35097 1575 43702 43830
44927 4914
21520 27843
30966 27944
15864 4585 22392 33548 47637 46088 26641 51813 44876 27024
17321 47743
28020
38647 4756 9162
2745 3130 20940 2548 25587
29178 48725 43515 27578 44049 53878
55648 46132
57593
52338
12447
56026 4485 25830 21169
2189 34346 44890 24709 43427 47173 16770 15960 11143 40608 17221 8610
25185 10210 3531
54784 38826 30111 50347 27818
5487
19207 55586
41582 44463 5643 15138 54631 10442 44299 32126
23699
34797 16543
52036 26879 8344
22102 49860 46487 53649
32480 29698 31651
18187 17039 28509
16367
29349 17966 28358 35120
31597 36969
26943 44138
33474
13249 27272
24639 25940 46476
45465 2742 14426 42372
17387 28270 46344 30759
18105 34476
54359 33207 30905
39388 7739 21611 7355 5876
46690
52175 49371 23561 4282 54456 26638
52800
5024 20322 14393
26374 49468
13712 35118 32438 46179 45606
7434 30190 52835
48133
34250 17241
2126 51435 17229 17121
309 552 8188 18899 48372
27420 997
49701 6385 19824 11675 14475
44545
19735 17573 25141 52156
1529 38171
14404 28052 31441 23403 24614 30929 15411 11616 8405 34617
13074
40272 45146 6739 34002 18046
43332 2924
53000
54582 56178 10577 5926
47345
15190 36279 2244
57304 34668 11269 42216 44906 37488 2273 1665
5771 43571 5049 34807
5747
56905
48970 33065
35330 55168 3583 44454 21343
41944 29533 28284 38376 9425 18364 17767 44170 48220
29011 12497 52753 9234 41532 50700 42435 40830 26819
457 2226
40210 23701 25039 7304 12767 42243 11996 35950 39178
28264 5772 40191 48032 24170 39630
40303 38530 57256 32051 26372 14807 31043 50340
31003 33816 34991 26948 48255 22888
39057 3244 15282 41745 42926 14358 6732 27215 47711
44751
43719 27447
45565 4148 28529
31815
38419 9358 9835 26081 49259 32793
13727 24033
50654 16956 47067
53371 43573 4362
57129 43447 41610 41164 47782 3514
12450 38252
17197 53891 11386 1126 54475
31970 19028
176 43851
26921 38609 4623 15489
30666
37918
6064 4517 40700 14723 35806
45701
43316 22473 15056
54371 46463 48936
29474 9048 20679
17905 1081 26576 32760 6604
45743 26686 32597
10258 51388 37079
38708
41208 53924 22729 7079 29251 44073 8533
52962
797 14049 25889 49434 37852 10927 30486 27138
1987 47704 46748
26559 41697 27270 55485 53903 21425
34183 28103 9765 33380 7395 2437 40325 51899 27901
42835 21616
42697
6068 23391 3527 38735 40955 32575 18957 9319 47849 55588 40881 37885 7716 42248
10311 39919
54685
14740 14686 38949
22505 50993
12204
8283 8127
2323 21615
9655
25241 4946 18294
8971
54082 31106 9647
16144 1587
33800 38961 3786 33992
6189 55116
8272 26431
33085 12039 3510 9627 23035
5689 6281 31074 48087 49792 6775 7858 7964 26391 8007 9037 46071
43516 298 44494 4334 1672 47481 8
45815
36838 7865 44810 50506 11243
57459 29940 29431 55248 51984 22304 22704 11934 36511
30285 30460
53611 41154 15424 31090
15211
22136
20896 34510
27167 13348 23760 35027
15740 46672 55571 42122 388 49292 3042
11825 35689
56694 5467 51869 47308
23176 34869 36727 10980 54038 49773 54045
22793
18968 17042 55757 25306 33420 12944 50685 34539 34300
14110 55702 24116
56240 34157 7637 46079
36780 45446 39459 33634 37044 41626 18789
35304
52806 16341 27273 42774 2156 41578 52332 19039 15242
23254 42004 17440 7348 20923 29603 46084 45321
37995 32915 32473
39475
23576 23315
5191 50614
45518
36369
39474 42042 37310
44826 54058 9965 3373
43737 37624
44245 31534
15911
24254 44516 36697 56746
38481 42073 5583 19251
35381
36349
18183 1334
8870 54118 28219 43875
26882 44349 2213
44065 2179
794 1730 12897 25627 45736 40572 37082
19785 773
57565 33749
54182 51286 33330 32350
488 53437 22320 18568 25520 12245 18164 14817 48674 44166 47642
30457 30884 30780 41247
22027 51577 29227 28687 50444
50551 46862
2912
17535 47859
43281
8489
53538 43341
36162
44794 45899
14735
35677 20818 2888 11229
47099 29238 39060 54227
1253
28307
33309 43433 6554 20888 53476
41845 23523
56455 50546 56500
43831 55002 42309 705 42702 12046 11739 47994 54917 52943 8640 8390 51317
52263 38309 42205 32787 41771 8348
13397 12341 48495 35327 10468
30484 52079 36566 17567 16378 33013 29216 2167 16139 3026 55541 36586 54297 51583
20732 8226
14281 16064 50834 20083
3247 22182
53096 42944 36632 18292
31502
3559 48652
43025 24743
35739 54278 34577 18593 3014 46375 23311 41494 13369
7669 47982
45860 8959 38655 55533 23923 48748 12982
9024 28608 50883 16267 20030 41716 7857
47793
32648 36953 52642
25521 23610 54304 38008 28585 19789 16332 40482
38717 289 50942
4442 38873 26575
31394 6675
54090 9352 9998 55454 23987 2596 52496 18029 22106 12047
48540 39796 20246
54678
56069 39817
29640 29199 53787
56372 34592
14616 14896
8696
49375 54189 53413 31887 2648 208
15072 47869
22454 11264 17576 1136
27018
25989 37530 43264
10227 48302
4773 28187
41290
20638 56974 20498 21255
26456 56877 47527 54794 13001 170
161
52300 44163 30931 21734
34792 34831 5484 252 38872 44812 52047 2393 42155 16883 55031 30770
9640 48931 15752 35771 24317
42872 15213
25095 42232 4160
7066
34462 48187 47532 11188 32319
53402
38810 2053 41283 3362 39477
5893 12442 26684 26513 42251
26842
15883 34661
40969
41420 30908
25964 43622 30171
55066
1367
32930 51408 10151 56401
44294 43386 11023
52926 49588 21931
55577
16768 10141
46109 30160
3276
18539
47076
26932 43255 4532 30424 30213 31991 2545 21403
42708 28464 931 36608
23374 15372 46388
37168 38051 38814 46648
9685 5695 49403
56608 49995 29478 350 40858 11169
7444 27357 51991 27591
8187 36955
12575
1400
36987 13917
7525 27687 40963 19214
719 24892 17468 47412 44671 14405 11184 55722
21447 18233 13356
33403 22099
40540 49132 40604
37050 12371
16091
38119 8626 26379 16156 41962 23678 31826 53078 31668
17712
31363 38680
7677 25107 44106
9764 3152 44834
47894 13751 28168
16888 14213
9102
4618 38774 21731 45911
2952
29992 6050 23842 50806 55466 5404 723 6095
54780 3712
26587
43441 52007 41431 15415 57546 11915 8948
2335 8941 43068
2492 42259
31177 33623 671 36990 2106 22666 51016 39331
24483 23274 3956 51802 17181 32783 48379 38757
34134
24472 48768
30229 5026 32227 37224 471 36895 34365
12579 48653 389 43475 29341 47592 18010 993 52846
28420 49914
22415
34434 27608
18533 53500 22784 34519 57489 52472 12548 33747 22809 14308 56408 34133 6300 24232 24001
1325
51261 26984
51042
14760 26690 2815
49537
25043
56468 39929 6689 46644 25654 35061 43799
25162 20258 8725 54905 28627 6056
29289 46965
7118 44456 18795 45192 38205 50207 8259
7671 33862 43355
19428 46609 50087 41956
23932 53862 34279 46743 45523 41368
55216 10763
20388 5192 12437
26555 47186 16030
51496 18349 44114 57251 741
28320
25050
16074 8312 288
4182 13051 4215
34303 9309 50244
35794
6538 35092 29641
41879 2617 54713 27597
53947 28970
22610
37824 24122 10214
37969 25114 15230 8756 47304
56191 48314 18285
317 30520
15369 2343 42968 8354 7963 5346
34290 39169
6494 37700
51167
14885 39645
26723
17556
5436 50467 31660 998
2375
23085 10844
12488
27229 25478
45388 15420 21949
48939
29254 31684 50884 8594 36296 6642 23702 17356 19080 16240
2471
47491 55630 14736 55088
13882 28706 5048 35077 25931
33557 55338
32307 34449
56866
50520 13300
56052
43079 32916 22346
31211 49094
49641
36134 30809 36195
43379 30047 31612
31829
36082 3601
35382 25568
31784 39052 19651 31856 21049
36268 53010
31414 47465
41092
7848 32691
30521 2306
43662
14848 53280 28147 20748 43087 48275
3501
14846 22982
34287 24857
40017
24214
9963 8511
43973 43639 50276 694 32510 10728
49535 32404
21323
55176 21719
30781 39383 24944 23352 8195 13747 32850 27096 16299
22018 6238
21523 46892
14549
21961 12975 53188 40821
34170
54433 38311
55593 31760 47451 20949 52712 11728 47735 3299
37878 3400 43345 18461
40356 13903 11600 35778 10764 31877 55022 10572
14310 6853
49627 10393
26336 23127 31858 56179
24016 39863 70
12595 31813 18051
33777 9772 16525 52848 13318 36914 22824
1872 11370
50549 15901
47934 34782 10816 14565 42257 2521
38382 4772 1322
5682 3153 25851 11432 42439
33404 20643
33501
12413 55610 36517 56397 30063
50368 193
4303 37140 6993
20058 53694 12144
14982
4070 34335
22409 125 30362 56791 12942 20135
1059 2052 39670 34877 41020 20551 10163
48102 41078
40237 8202 12257
42903 41980 15510 56755 26976 23503 23574 15640 10792 2831 5886 25286 9423
43640
24000 22223 25303 10371 22540 21991 33716
6032
56637
38815
23537 53845 30170 46364 34029 30135 15877 45753
47286 5731 39533
8790 16027 9628 12076
53492 27923
21307 51887
56682 34099 38317
48986 17022 44189 45665
15823 29489 17596 30012
13438 4506
50051 14246 34023 42853
28172 27482
11228 14260
2468 9576
29104 11360 24228 42610 54317 29160 49225 23694 15074
52053
53425 5281 39987 56120 15820 5232 54896
9105 48766
18346 39586 35394 41209 34144 20409 27761
31899
7356 39628 18172 1119 38857 15763
6314 39877 697 10993 16967 52130 11073 4970 34228
10215 31451
22977
20026 20314 38845
38956 25920
56474 4265 14725
46354 51598 56035 26316 3189 38512
9979 30943 35481 49070 7069 29948
22356 21
10979 22029 21988 28456
10537 33358
42169 45661 17836
45705 9466 28146 13930 48393 14398
53090 39176 30608
55799
52308 46919 17554 47533 35597 49516 17262 48398 46974 26681
18613 22493 26304 35355 56072 47740
52265 29414 5644 10144
27041 7337 33499 28432
56203 21418 7625 35276 52350
24363 35972
8599 52766 56616
55765 1874 24012
48120 42297 13234 46575 46879 55075 5753 9652 32414 10284 41465
32895 9145 34028 3566
36447 17134 45044 48200 43579
14538 54289 1616
31692 36191 37395
18386 32773 35761 5910 44529 31619 11465
37017
13843 32763 47723
7310 49915 31051 52018
51403 27583 35992 3096 47275 8564 25321 57110 15124
22817 6015
9777 13008 21536 38032 12912 52551 40003 22277
55777
53722 27236 13140 36089
42575 32290
41081 32784 26178 5300 45101
50025 17829 49412 19674 25592
14297 44911 54720 21490
44922 39911
5968
43284 10157 43618 55085 46953
8113 28108 51575 52051 27020 23194 55531 13053 37344
24369 57627 32761
23562 7278 16424 28029 14961 50794 22892 43383 37575
30715
7761 17093 45221 52739 22055 51178 7204 3457 402 13368 42955 52183 9603
37977 29840
25320 37272
28758 39418 45530
31946 20150 45521
22797 1216
35571 9512 46927
40776 46941 43478 27132
4351
22515 9736 4574
35126 9619
13459 47618
24531 182
26580 35602
40357
8738 10915 32983 55792 54024 6913 54885
48556 26345 23287 28566 54665 27507 42070
47514 33240 23508 42348
27431
11686 26807
15850
35968 13443 17113 54411
7614 49268 27653 48051 53274
46287 39417 46629
57478 50686 37692
51838 25652
34619 2807 35332
22789 19866 37166 45714 7181 40730
20340
47850
39830
5790
40644 5347 25012 48591 29824 13821 38422 9665
49719 57164 12283 55368
37355 49852
26308 236 44761 27217 56454 15762
50108 6959 20807 15294 27652
5292 29543 25544 44684
25637
40016 38432 32482
17243 1044 29282 13183 24197
7960
33975 2616 47196
8504 33651
13
17485 10783
12685 40601 10534 54659 14609
34171 44274
48263 40723 55433 470
7685
56561 10063
49896
57591 3044
49797
49404
25795 41835 5261 49835 48517
26846
34344 51696 16321 27869 36154 52151
39075 42958 32411
971 29036
19061 43287 26746 7893
37892 38768 12558 32979 12620
5723 46018
57166 50803 54170 48777
34443 52629
43934 29833 5378 47893
11618 33253 28784 53268
25195
22723 43486 26205 46852 17948
43024 12822 5891 20564 36193 38573
30980 12115 36520 55903 43504 47130
33182 1628
6462
4409 56950
33183 1521 7754 11770 27418 40385 19848 52452 1809
30277 13083 45915 32032
18109
36939 21987 29548 9225 4295
36620 26244 2308 32201 30503 3017 47861 6613 17152 5137
6869
8201 22141
45574 37251 35889
43195 41677 20544 16717 7167 48357
35942 15892 52650 13157 3921 35084 26442 36074 5794 2116
28173
56605 23050
8949 20126
3906 9269
54851
55899 21889
51812 33190 5924 26603 12169
12469
29951 39970 39657 15328 20297 29296
25883 44958 13178
53573 4137 1535 1729
49522 43443
39961 40177
25971 52574 34120 31227 22432
17857 26387 4253 53519 42993 22890 4259
25553 19413 32757 39457 7822 39679 34971 38908 14480 7930
30348 44446 34581 926
25542
11971 696 46336 29291 29663 40042 297 23882 51704 25367
7750 49650 34895 21571 45190
45002
56034 44151 19048 7319
1009
25857 56 25423 27423 55730
20660 55478
22492 34706 9032 45245
45532
46138
327
44830 3974 40595 21141
49284 48906
405
19519 47980 44782 46022 34986 39891 31450 6696
1527 11546
14197 44043 1040
22668 50889 32486 50336 6624 31406 6593 39161 9063
50110 39150 8643 27973 43454 24775
36662 25415 49297
7052 11578 48452 33661
8947 48813 50111 21475
9328 1586 16075 39184 19393 14336 40355 108 26135 51200
20984 7414 55496
57140 12345
37676 56844
19185 48211 2544
54826 39019 47537 24797 49115 54883
4280 18647 46746 47896 19264
14279
32158 52741 9485 18917 55624
57188 17591 10613
45669 40019
2739 14128
37267 14964 31253
8869
2631 1436 44145
6653 16012
29073
28671
25753
30178
47277
52406
44431
8359
52852
35226 44719
8196 53117
4415 40864 1837
23237 3254
9707
40158
36071
34484
39246 7224 11762 21041 8277 37160 12616
44930
6996 51567
46507
50358 41284
24961
42699
56813
25324
15004 23093 23146
52531
47216
56227 10584 859 2668
3409
44067 5603
42759 30219 13676 20987 8075 46425
50246
39577 28093 29612
10662
22064
56369 18558 18448 41239 39518 14002
36885 42145
25766
13968 54196
53835
20431 53329
50356 7482 37088
3723
15973 6958
10984 27964 46456
30419 20649 11131 22383
46080
15421
40318 37871
46241 16544
51825 14770 26865
29935
4987
56852
44530 27388
53744 8246 39806
32819
24077
39013 33102
10634 12765 21593 29553 25112 2857
54345
39329 56123 4159 40934
6584 54726 35224
24589 44127 30138
12332 37427 30590 2304 25135
55143
35022
16200 43368
19308 42507
38108 46082 50661
42001 16044
5779 26784
6439 12910
9803 435
18203 10000
43280
27488 30678
45996 44792
18252
56199 9271
5053 44616 44995
25144 24597
43008 32735
56770 32248
8895 35247
41699 52150 40523 48667 9440
12058
708 28406
49123
28445 45406
13182
25977 16897 18041 1847 40076 3460
46527 35685 31259
4413 7208
36979
51733 18871
2170 57406
25679 21890
5557
42282 47243 14046 19833
15647
10101
43067 31816
52177 51458
19930 22513 6611 2411 22948 50460
55427 56935
9664 5802
40010 46744
33683
29337 32148
21774 36044
16159 47452 24970
14228 22237
47661
38460 32497 17205 48146
5197 25198
47123 41723 55113
8944 21086
47101
12986
16447 47539 45301 6467 40555
35608
46495 13470
48322
4518
57009 51096
514 21017
45298 32210 7699
26333
20745
48278
35860 44407 49077 12969
56156
46671
11181 52122 34720
53343
6941 26381 19894
38155
7546
30077 28119 44561
22281 47578 42227
5819 26320
53650 33673
47919 5525
54425 26751 43998
18890 57103 4996
16665
57303
7691
42720 2744 48552 8541 22287 13078
40510
42721
4090 38472 35364
2818
17448
1130 39719 36622
54821 32602 4677
10259 17123 7509 49851 45347 22407 30972
3581
19766
54833 47839 13497
28097 16958 15983 30325
37763 16627
45851
34892 28903 4025 56812
44988 5806
31439
17658 13910
36470 18316
1530 16236
17164 11324
1062
34682
3936 16755
9708
20547
54198 33255 9381
48910
33807
33928 47520
7985
22953
5068
14588
50436 37604 6529
32914
33411 26942 8410 14727
52687
52244 33819
13284 33637 56763 54812
7400
10078
56621
27153
5888 4104 11105
35114 29631
10465 2473
50919
154 40791
33496 15071
35601 12744
45622 21057
49947 17443 47171
39847
15062
34122
16691
39569
6989
15624
3387 40904 49435 25384 45848
6627 15604 53882
15735 2966 40025
13154
13297 44462 15641
35271
16149 715
28901
663 53596
51484
33919
14791 16079
56125
29464
6324
32513 30289 11011 29308 17428 5805 45539 4424 7530
17899 23289
1618
36935 20941 55372
8365
27499 42762 29234
7597 17751 40999
47265 16625 20110
46024
26792
24684 27841 4298
21005 33363 2296 38314 21686 5551
35662
16982
52889 40033
38389
36695 26368
12920 47128 46857
53467
17704 50981
14746 38743 38033
13395 39918 27688 943
25813
3558 3027 15528
34920
4615
4114
50079 5274 34368
45920 31755 12087
53326
43834 28262 30329
56219 54102
15921
46161 13540
31907 3637
33731 2103 23032
21513
37074
7752
23408 40834
36246
39157 34440 45538
10722 48513 28179 25330 13433
35956 26945 11196
29391 14169 48190
52295 20613
44124
29737 25933
3969 43780
53328 56285 47483
39969 37400
5497 25176
10341 32079 5722
40715
35062
47124
35969 57097 52643 46494 47156 24343 24752
8316
46950
27733
43950 7330 55758
25116
38827 14599
31726 9588
34116 1450
32392 15513
5345
45166 12939 20370
11180
24778
14095 3641 8485
44008
43965
12462 13452
54961
18719 30751
38188
33844 34251
53976 24958 13056 26604
36627 56862 34384 10244
29208
18367 39485 17771 3766
37734 39706 20062
42550 42739
45341
3108 27856 56192 20254
27265
21432
27371
8014 44787
48563 44878 8954
49625 16641 54841
39834 38404 12130 43603
49794 52606 49578 48883 21465
10453 53111 42081
47663 54555
39729 42013 24685
25590
52805 47184
27604
6450
27494 10202 11964 44905
31513 55627
20211
24810
35346 8544
16254
11068 25446
869 4005 17074 22444 7119 23837
39324 55819 45510
17662
4937 50785
24898
56239 31915
33162
2860 397 44960 20444 21476
49545 47961
533 45111
35519 39379 45517 10039 43413 47318 7386
8568 29598
45883 50623
50483
25131 28048
56414
2910
41177
27839 47603 23546
53483
26985 22294 41370
42883
35296
29745
54336
25675
50572 50426 6896 45360 12202 42246
24771
7774
41627
42696 17865
35091 35196
17068 11935
18521
20074 31711 7070 19715
610 33675 40514 50715 53991
42530
9755
49390
40335 38163 41203 5451 29710 27891
23425 33930 43019
9490 27442
32413 12531 57614
56795
42961 10247
30661 3094
46345 52305
26809 1160
56986 49688
16051 8234 5147
15012
41840
51086 30071
30737
18210
11856
18242 31153 25036 16239 27286
36474 47209
8856 51538 9976
21340 7408 53972 31786 36427
40101 49498 6001 12026 34248
38959 46541
48700 54918
15680 20416
16591 315 40641 34624 15941 52233 25497
12925 6581 54936 37286
30409
354 43285 32751
13128
10590 28401 21411 46894
13248 35858
13493 36621 12859
45768 51201
22105 10319 55975
42254
20339 50642 37015
46178 5063
2023 22429 12120 26564
46446 4052 45424
19370
38890
32274
55474
53385 55599
45275 30471 28704
24736 7352
8883 23372 54020
45881 1523
34695
19196
9209
7917
31313
2006 17938
35326 56101 27283
33003 17904
345 14869 56777
46435
17491 21175 17856 37685
5616
47269
30685
22140 47403 41185 22578
31840 44622
12634
45402 7381 31141
41330 17401
47082 34037 47155 32185 46946
590 31477
28794
36027
50605 7570 22074 40625 24700
47434 1780
54004
19944 54854 34055 18467 41106 43437
39464 46916 56753 27676
43578 11340 20663 7545 14322
12827 26992
28242 25125 3194
28491
26103
20516 41192
8363
35596 48441 27864 46271
4250 47909 36563 11712
4815 14761 42790
43876 56104 57225 14001
50330
55723 7474
10484
28034
22251 2030
45491
23097 32659 6383 50744 44252
6269 57356 21012 11504 20680 10794
4872 4766
52246 26464 20560 56209
35321 2922 26783 19582 18332 9518 1648 55311 3415
41419 14171
11006 29902 16279
37154
40891 17926 27631 16314
7226 43401 32741
20348 14713 18923 34479
29033 57389 2577
33641 12868 56471
18334 2199 17396
14892 864
30455 51723 17506 28493 8249 34856
46156
28601 37625
51387
49113 54933
49604 38850
11531 35788
10687 19280
42022
22475
25855 4989
23543
55701 18261
43994 36945 27645 35350
5879 47717 1898 29610
55184 44639 29810
57279 11071
28668 18219 6910
26140 34437 4737 25155
31693
40268 52929
39333 49971 48144 813 18587
2408
3769 506 42331 49015 31002
31937
19857
5594
8379 31420 20221
37966
41650 44387 3129 49804
31232 34470 9453 41940 33797 26084
5710 12808
33019 29522 25657 4194 18493
49222
42477 4251 11422 18666
54211
49951 5092 13457 31326
1299
21361
22331
37257 36577 39310 45834 3272 46159 54136
57198 42766
37980 41589
44996
39259 47691
6283 17226
29082 27745 7584 30984
3714 44765 19411
13807 9583
31204
52745 3871
28279 53057 22700
41700 52937 51906
15948 7454
29770
45861
29893 46129 52402 13699 31024 17627
47851 6507 47292
9350
13687 4752 16390
39279
27740 9505 25412 11027 11647
35431 8945 18397
2870
6940 18307 53756 11797 39686 28546 52744
56957
37046 47089 43806 32039 28344 6874
31666
27593
12932
46017
23709 19448
15945
19778 20707
43826 25057 57091
17898 21535 42959
42111
54527
2839 42645 24971
28174 47125 4795
9450
24465 47279 44697 32276 16668
33267
10440 23177
5177 39747
27760 6988 55569 19915 43557
48291 40677 19454 52662 12748
14844 55965 14734
46166 42839
24787 32961
30709
35235 577 54962
21688 56958 1050 14867
29064 25466 648
12066 8512 28995
15622 13165 6774
41395 41058 35916
8888 47674 50556 26182 50613 39394 26708 32465 52063
2413
55696 16600 53654
15182
56645 386
46102 18901
52915 40925
37029 1389 56989 23065 7436 29726 7065 33545
30501
24742 51362 242 30002
57364 8219 32884 41139 11285 1885
52987 6531 38131
11560
42378 32057
29379 10265 56602 10880 37673
28274 17112 36468
14474 8851 6888
56083 3940 26023
41860 41867
24995 40638
25775 18173 24563
37004 20298 46683 53234
44310 32933
1054 47724
27965
2687
30272
28227 42656
27980 19467 44603 38226
21529 8797 44442 27894 39775 16326 16524 32934 43747 16734 8561 24527 16576
44881 29841 21566
6855 11530 39437 21006
452
47673
56796 15041
53073
49587 2875 20721 734 35344
17208
26474
13155 3759 3728 15496 26237 45036 4664
16745 31611 14158 56769 21035
33259 34310 6890 17847
47951 21819
27830 42141 36026 53978 28924
38995
48655 33828 51662 28722 37595 24486
5798
45573 6317
36033 10667 29000 4248
20673 27386 13002 32652
44410 11831 23499
24422
1393 52229
21211 16422
30736 2254
3555 21155 16830 18428
12160 12869 23742
9062 30095 45063 10368 13643 25224 20838 52205 11867 20507 9658
29536 6127
20374 50903
46229
16466 51186 17023 26804 48230
29085 55803 15159
35557
338
5444 1326 26616
28294 32742
11844 29416 28056 189
36934
12420 35913 10872 3330 40515
52026
56810 29203
13132
2662 30378
43006 51820
116 26577 32836
15460
36311 32523 578 20868 38577 37497
50464 39917 29908 23787 37567 37886 19137
3459
22118
9678 55442
45620
28037 31093
48271 23519
21235
51929
25212 56995 7222
31215 31200
40897 11784
50496
11154
51679
2946
11343 31968 28331 41871
30365 18230 55705
46046 46972
53816
10801 28946 21451 37222
55379 28579 18556 11760 6812 448 17956 5335
25571 53929 15076 8582 1298 4400 16669 34853
27262
49464 526
54239 44437 9714
5961
18280 56660 14649 55321
37012 1712 11451
3965 8896
42848 45635 10916 47534 41470
20326
28889 50094
26803 32718
57433 20267 3103 31473
22295 28865 12010 50164 91 53981 8107 37521
38069 13481 46604
17043
47758 41438 28143 34934
53464
51077 1905 18365 14451 23530
24801 47624 40332 49717 24536
55802 23199 6907
36584 30957 28953
10599 892
45582 42735
52639 8717 5788
17709 27299
39890 40006 5861 12908 7068
3290 40905 16528 3620 9356 33524 35562 48630 7517 12945 43016 18121 18389 52654
40487 16834 29816 25537
42305 47133 11837 29526
3197 47237 57596 23453 33112 23299 18141 32898 18737 53139 31373 19849 31054
28724 49352 5258
32725 9702
45471 2503 36768
12155 10836 26656
4538 50296
15581 10162 40134
11050 49224 8774 51469 51507 32335
14493 28383 36485 36038
35370 22242 35500 29352
27347
24519 33740 15529 16523 49008
29801 35480 30306 49075 1760
2564 3807
49056
10273
38744
24942 3788
11427 35774
37853
30761 25463
38855 48310
54348 1305 38094 57222
7481
3818 45288 39879 25059
3399 26887 11083
35140 37983 7410
44921 6427
16571 5148 57568 16682 35207
40827 29804 44592 26915 15761 14402
17291 51074
18555 48827
18501 13075
15720
31081 564
13774 23870 12236 52430
13579 525 43212 45500 51439 18418
45426 16191 8816 7575
41377 7697
37211
33454
20511 39783
16704 19365 752
30579 33276 23743
55423 37594 54829
51048 30886
41602 33492 4141
46678 36096
24728 15414
26510 26195 3273 39255 8399 35540 28850 36924 20120 4545 23946 39345
7863
39946 26288 21477
20736
17034 26975 42953 17195
49024 2388
25567
51988 4099
30970 4667 30788 6099 47556
23535 11585
50809 43995 4554 56636
6876 22248
41138 43861 11500 44202 36958
24979 6201 45032 46928 50652 22097 36706 38758
25852
422
26740
4959 13888 5348
44837 55393 13245
1221 14038
41425
23594
52001
44691 51806 31746 45588 26350 10425 17706 22031 45326 11260 57123 5927 26613 20889 42314
10900 26359
51028 41232 36309 40740 25247 25347 33515 5268 45939 51781
7361 20965
28950 42608 1386
33590 55144 43738 52075 38513
547 38563
19036 4921
55601 31579 50036 48437 49188
34051 18677 42777
3814
15330 10835
28804 1863 15307 3577
21067 39623 5552 44317 10896
45440 14432 39440
5569 4728
55186
31835 50949
8666
39494 13009 1949
30920 6971 16988
19689
30951 38528
54858 10670 37188 34835
41046
54393
7568 6373 6500 18652
14629 53577
11941
53729
12562 4255
43683 45336
14362 49018 14672
49815 14118 54225 42063 41137 22679 54706 68 48990
44422 13218
54642 36416 29974
25455 42760
15412 56389 4604
22716 54210 8320 56737 54711 56235
8096 8270 29705 23752 45850 31614
3268
18206 41029 43867
46488 38865 45319 32485 30013
29467 10721
52779 7484
32824
36192 44693 15380
25230 18309
25206 5960 14042 17587
22212 35888
40693 30571
11673
40386 46909
37294
974 22779
9767
52971
7324 14079 40818 35490 12013 1406 40567 38653 35869 46820 25062 1288
34463 48386 47941 47280 47975 39044
1926 56509 14675 25420
33643 2115 32373
48389 550 7676 43751
5581
476
46829 34195 37557
44669 47011 50268
7396
24053 40852
35538 47754
28612 7567 44963 7559
13280 10908
55295 53798
45917 46058
45208 33881
117 29350
33739 13344 11063
33884 13976 33233
28134 44131 35233 1114 35290 76 37249 15445
28913
46596 21877 8887 11097 5002 51199 51486 51157 31758 42349 10784 33539
20575 20933 38396 3895 51504 18746 51729
14415 29743
17787
6676 52892 16143
28935
2974 53569 145 42094
30203
41429
39568 55508 50787 4320
3599 52405 47881
54782
15224 57045 22354
3031
28129 18216 37730 10914
6944 10875 20122
9236 6186 54865 47563
43049
32672 31951 49606 46534 44079 27250 28938 32539 53064 49208 29949
54114 51426 33131 12938 14458 30539 53265
853 10385 8935 48103
27829 52379
20118 16784
30601 6972 26572
4983 26631
8910 33964 53436 28181
11107 24552 52019 31071 54124
13446 17774 46470
16714 2976 38899 53345 26462
3135 30264
30255 9637 24189
14504
45117
17364 49512
23584 4439 24537 5778
12102 9612
42365 35497 34744 31880
48050
17388
21262 5828
54828 20826 23718 55151 15986
23800
51985 12091
5776 34637
15428 29071 53410 44071 19972
22655 49357
20694
11150 50571 2025
27492 6067
44279
56133
45429 26449 4630
5126 17884 11724 26518
55149 42191 2704 316 26201
18841 6544 27770 41412 33522 42407
29877 19816 50820
17354
21637
53239 44348 54902 38024 55273 18748 36681
46157 52473 2986
51249 876 11698
14738 23262 7346
53046
9232 33985
33209 23602 24027 24169 10243 32235 9817
8454 19843 23481
28123 26034 31834
36478
46325 1961
40092
4576
52748 18200 28802 35630 32099 28806 38661
41792
7661 16018 13203 32825 51399 26874 29097 25403 49763 48539 41179
1218 7419
8357 28990 20635
22300 7630 53954 51542
18498
18991 13331 41517
2083 5903
11756
34558 33214 38750 55660 28956 1020 34723
33645 10985
18052 9263 5383 32492 19227
13065 34309 41680 3477
32245 57480 10589 54796 31416 34275
48572 15656 50247 52612 10968 41196 21661 31797 33298
35840
26781 35203 21429
32864 2068 49238
11469 19534 19108 24748 19186 11433 56172 52384 21223 37331
47908 52510 52651 6708
30249 50317 28392 21193
44081
30377 24032
10675 18107 40592 18098 39318
18925 11371 39352
48244
22579
11249 15795 18978 7327 51755 12052 56499
57618 23308 25192 12980 26033
49556 48969 11161 56127
5692 23090 48625 14984
9207 24914
34322 5272 19640 28189 57047 27981
53336 5570 20966
9839
46070 43137
37642 12901
21866
5732
23175
1552 25687
45136 32082
56438 8438
46228 36981 14762
28214 13529
57513
54504
29201
52817 41565 23126 57274
8695
15317
17632
37353 16072 24052
47252
23861
412
31800 39149 24561
45313 35646
48283 28693
37538
55083 17962 20802 48097
23363 36479
35297
50578 53008
29569
53693
50839 21256 30956
11664 56574 34403 16677
26110
25235
4281 41573 8431 35866
11931 45988 25226 28543
24987
37443
4079
18170 46553 37796 43304
37235 45177 35506 27066 19412
18463
43308
10808 17683 57607 17902
17763 13246
26956 46616 35111 35476 7075 27560 18626 34079 56739
10167
32149 27975 8494
15346 35315 31901
37791 31404
7794 18800 717 49678 17095 16995 30843 27277 19737 45021
5989 6769
5065
44465 22004 13160 43987 20093
26736 55281 56136 15836 49384
45285 31754 17776 11207 3448 12580
29087 47287 7417 4976
32586 43387 20591 23204 41750 9894
29914 31444
16380
55004
38992 45340
21473 6104 57327 53021 37588 40714 31276
2018
11812 26179 21748 679
51310 15981 34626
7836 10241
44232 56375
46646 51054
1303
13820 12588 32616 32408
5555
9866
51861
28117 56039
4799
41694 12427
12106
370
55162 17101
15214
33342 5298 3671 52376 48531 26994 42366
14693 30227 54478 31077 25339
43154 30857
12015
39145 35195 12421 50324
2049
14287 13109
16456 38489
4069
54886 6599
29443
52292 26862
38316 43348
98
38891
30344
53201
2850 12667
56297
11671
54309
3072 57559
15351
52358 38541
10115
36361 292
18217 46728 46639 8483
819
19012 28351
43176 332
42330 51789
38429 4497 33348 40046
50704 9214 14337 56158 1942 25619
30240 17451
44118
17544 57481
51817 41843
41678 42386 24433 49504 38950
13515 24025
49956
52930
26360 18088 35451 24248 41530
25236 5381 44185 42620
11658 35088 37513 331
18343 20242
4842 24740 24601 33487 16093
3696
20548 12333 34868 4064
15885
57425
16113
33970 19092
25274 44720
43774 46468 6491 52540
41189
33670
2964
33982 19846 50790
21428
33293
36829 13437 54085 40419
15492 22216 13614
37696 5051 15805
37449 22107 57597
46587 24243
52916 38020
12963 27006
39151 8754 49303
55573 35826 2431 9592
1193 44284 40388 41950
52163
34872 33719
54704 31256 46092 34280 28354
16145 53337
38289 17083
33448 2920
38198 44800 53825
44236 56359 8975 46993 43725 26721 291
6731 27742 11917 35733 17978 38925 41093
36421 26969 49051
3274 2148 19326
45390
11732
44711 19880
20127 3770 3356
40102
10183 34524
54428
40183
8974
35589 51181
20741 17520 7289
31038 56546
619
47325 12449 47956 44295
55721 23730 55772
48186 56153
32351 51209
62
47844 9049 52390
11687 31089 30023 40856 49697 2812 56972 10149
45938 49715 52408 16046 9923 29897 12892
3914 49001 30188 38882 19966 31277
10597 8565
52086
32446 11438 26141
23158 15863
41893 38427
11613 47038
16813
46134 53902 46431
42134 25276 48062 10607
45020
14063
3951 54042 46358 42465
47381 11901
57152 28159
19406 29118
4544 41984 11240
52110 23947 6338
47955
6842 40041 51307
44086 36462 5367 27625 54512
13084
42797 47341
52293
18970
19633
2984
55902 52316 53809
51649 32026
28569 50242
39501
6267
2542
35300
17261
8929 24645
37462
14208
1645
19579 49979
34531 53354 14724 55811 26860
36874
17784 25513
22960
32520 1919 54313
18154
3994
30405
49780 7111
15837
26197 22512 53505
11263 25210
33445 14818 15465
13296 18317
46844
29110 42938 47736
11799
22186 2392 29278 44666
48327
10405
50753
7160
33632 37148 12112
23226
31566 43029 31138
21886
10619 27588
43193 42580
19324
40424 29752 8602 52422 37048 32168 4397 12752 16406 21251 40098 1014
49175 238 13323
7047
5897
36968 8736
57401
5966 54758
51779
40317 18234
8391
51365 53094
53039 41347
8619
57351
46994
53541
46116
8682 3192
5757
45253 13557
15834
41863 5523 32845 6733
54402
39534 53641 56794
6536 24845
31337 34330 30041
35772 52783
51592 36380
28347
47775
23000
10359 6978 48858
34230
49660 3256 14832
6961 13943
34667 27718 20777
37237 11758 51299 37906 22117
12577 37156
51597
23073 19362 484 10496 15639
53170
10651 24388
2942
36498
50075
36104 49275
48727
15766 57096
57095
32208
30617 647 55794
7078
13329 56257
20328 46270 53441
9719
35487 9314 32091
55737 37038
19427 4636
39413 43420
48070
18729 45473
17686
4188
56102
25807
1540 23184
43509 20974 45123
44568
25035 48891
40902 54700 18438
51404 46607
12051 16779
20349 14150 46196 27983
24726
1491 41815
25031
22379
29423 49954
15849
44094
18926
39659
2028
14088
49992
8484 47300 52698
15444
33580
28404 17449
37063 41165
52044
30779 49567
22801
3300 32600
16898 21174 46135 42124
18465
53536 17382
33147 16683
37789
49750 30860
1700
2983
12206
27949
15436 3136
23111
20806 41992 41510
48656
53086
43394 36205
21989
23933
14999 44135 17350
29144 26258
13295 47206 39903 2417 51706 39684
16708 25121 50804 27726
41048
51588 21434
57058
22981
2365
48601
26947
17792 32073
27898
19995
57479 21619 8735 35996
33714
5987
41594 5887 18928
11410 47948 54111
33574 17568 41695 23866 24722 44300 1257 49232
13227
45082
11679
38933 42949 4672
17515 37939
29107 39974
49736
33146 5321
23457 49877
43914
39340 57255 34810
20576 24962 44583
45395 41763
3983
17707 12632
4319 23766 43960
12279
53319
35411
16943 20509
13201
12429 54190 37691
24356 25351 15484
43909
16402 5519
771
46489 29515
6974
2358 32362 2036
56526
56988
49955 10490
28775
56059
8650
24899
30364
4186
43888 25389
29979 33198 18651
710
15771
28234
1776 20394
44507 44784
25942
15796 46719
1487
36221 3047
11828 34798 20439
36858
57121
53181
52858
39335 53193 27602 40342
12032 49213 37656
25319
13991
30921
41730 20338 48841 55852 51822
24426 44816 56377
56696 26628 25314
18018 52179 35250 40294
22768 32968
2207 13671 22362 55729
53035 38224 19010 13601
15605
3562 8672
37579
1244
35918 2330
40189 48223 52266
11026 4587 36664
43666 55425
29599 29050 13274
25838
12021 18305 30591
14070 54541 16775
32268 10617
45906
57419 42987
54982 22085
20855 49334
54286 4896 20078 40822 56537
24354 50983
29188
11506
13408 2142
56040 8990
11553
44197
38556
23022
11908 17209 33903
50416
52090 48916 39234
41066 34609 16635
11989
41625 44108 6125 28490 29699
55952 17250 40059
53677 26204
54080 51007
3521
14711
9642 51908
2456 1852
34850 26511
39794
34298 32468
10951
37569
34196 50254
27017
28405
30624 15007 2495
57307 46977
53381 29845 7229 7772 24142
55846
6553 8793
9584
34567
38437 12117 51208 38929
37326
44187
12937
3404
49734 50709 10578
14521
2038 51656 23440
39071 36040 7029
27616
36160 23076
51485
18700 44614 17986 13129
15561
35667 3214
2104 963
40085 3060
1421 40751 23246 33955 25772 15222 3967 1463
43276
16764 37970
51248 35841 54282 15687
13025 19400
24225 37407
11120 34841
2102 38812 2762
52900
52094 56820
51768 28022
34562
24292
32011 52975 21095
22543 35671
28534 47077
38222
45220 29936
27241
24715
6806
9886
41160
36486 11424
27359 5218
5719 56850
24331
10232 40426 21316
25132 4806 17870
52106 32258 3202
1725
28428 49446
30143 41882 20689
17523 43156
38050 53709
16710 55875 52905
37317
7383
16370 21771
299 52829 4950
24877
20727
5812
32525 4684 48919
54232 54563 52795 27002
36144 31533 2573 3055
13721 45617
32352 6115
49894
55107 13913
15692 45954 31247
13456
7867
6793
49146
32526
51536 41853 22661 39249 11868
25425 35206
31568
38167 37766
54370 44031 1745
38193
43611
48206 23536 45514
4193 44919
30081 16280 56748
17681
27290
21377
15661
30684
50382 4889 31961 5085 55832 38129
36729
17002
26485
53194
28003 42008
51655
29806 6142
54842 17173 13638
51065 8662
50308
41122
9677 7845
57157
3799 41527
21614 6556
21414
14412 55855
36056
38325
10682
7814 51021 18915
30112 28074 54119 49402
37190 48670 57411
10775 4403 18667
36759
34197
32107 37991
13599 41810
6244
52944 57412 43889
23445
10693 28589
30174
49082
20534 7602 17206 6191 7649 32952 34528
24604 2166
22970 21126
9092
23167 25963
27658 51553
28403 21779
50271
8355
46012 53973
14468 3608 687 46094 13229
26493
21843 48958
1991
10346 55256
14876 34890 49664 10696
28273
48045
15333
24705
24230
25929 1813 52184
43359
14697
16323 53646
33792
10194 44421
2275 40845
3190
23944
17999 23249
6041
6297 46594
32680 22624 5905 57085
1396
25082 40456 15393
52774
7247
21710
26338 25203
28689 40603
11558 9994
55146
15481
31543
45435 40396 26544
56073 45318
25281
50537 36593
22836 569
14175
49845 6282
39428
41226
5635 10561 39476 18313
46285
56345 53986
8548
9122
55047 26504
26866 55382
4973
40314 40409 13765
13987 19686 33738
49137 20454 38013 12412 20538
41892 39248 9240 39314
36534
4156 42101 16826
426
19088 775 46688 51360
45564 13198 6108 44741 48961
3140 12847
34382
30726 45960
6607
8285
31713
47613 475 2161 19067 4155 33767
6185 8670 26982 43053
15949
19377 51501 747 12474
6831
21753
9913
2723
49984
41473
32206
35543 28655
49394
31525
42114 11746 31009 47091 50071 47148 13941
36946
10100
16911 29304 43246
7824 9539 13851 6519
15853
32881
53420
13043
53355
1085 2262 8976
33251
49263
52242
18687 35348 1756
41471
2934
31369
25801 18920
4612 33833 19949
26321 54180 39431
46237 11809
32154 2531
46576
20099 15633 56536 7601 39328 15723 26480 53332 53671 35117 34474 7042
26472
25493
22269 38430 49519
22781
27671
36312
26423 12735 23896 12302 2769
25128 54547 27036
36224 40837 21088 54694
21200 10905 1473
27695
32223 6829 3218 23612 30512
40529 25552
32071 3267 38446 34356 55639
54340
21534 19473 51648 57437
8796
45004 5310
14659
10717
53754 33960
11296
6092
51798
19881 55377 14399
12547 21462
33741
20182 29077
14495
6161 54117 31238
39615 28516
5804 40329
26273 28100 46663
52217 32557
45877 54316 22805
37347 13426 16169 45586
23269 46539 26801
15613 30302 15505 7970 28751 22047
21495 16513
42097
20767
38670
17009
23183 28965
15749
26272
55289 36241
37880
48832
47368
22174
2968
20336
6728
22705 26489 28925 21818 50634
53025 57388
35892
26234 5474
54553
17021 33435
19980 36856 38065
51982 12726
10229 26450 46261 44511
12791
32778 33754
33690 48759
31052
16219
29404
51490 56807
50580 24213
13647 2366 38209
38678 9488
48684
54079
14090
47482 57486 12099
47924 52738 23151 48659 27174 828
24021 32668 37292
45612
34848 19983 33561 18408 50215 11601 2272
41352
56635
38000
33417
30323
36342 15783 42528 47028
34787
19062 23518
9865 13825
18020 50046
24831
3698
33316 15029 33743 20918 14124 8800 51528
46426 34044
30341
45348
7265
19217 19330
23240 1605
26586 5633
12593
12213 53580
35544 48294
52799 33468
52414
30133
5527
42629 41132 20610 57438 3289 52028 1509
1030 55020 23488
48734 37437 48695
13815
10495
24242
18000
2689
9716
24267
45305 16474 55874 53661
35113 52410
31613 9158
9393 25662 31251
54963
39469
36678
2428 53248 50910
41212
17625 52977 25925
1801 4033 34257 42741
4995 25396
17240
10639
39496 24436 3193
50488 17323
1964
5455 22783
26955
3016
19701
1372 14134 46530
37795 30295
36332
34097 29353 22910 14995
40770
10954 53681
46192 33145
18673 1144
15456
4638
24174
9699
33684 55681
48046
55429
50737 11257
46934
55538 56383 7900
47811 10446 20693 37338
51595
2500
1188 16633 55837 44149 34565 49698
37392
28365 49396
22327
179
14910 4075 6930
10262 50629 51284 19791 33614
40640 25876
28960
6721 38477 53040 17809
4342 51762 7232
43107 32689 1084
3512 8559
22778 45854
36045
46479
51205
19122
37394 374
3306 20104 29997
21191
3369 714 52448 43451
47234 51473
24940 3687
39786
6173 37731 6195
18549 17150 13152 49635
43953 42733
33746
22441
50766 2090
18831
4898 37565
49427 53743 50380
22414 14855
39763 9898 17053
55111
50669
23759 46281
23841 40148
48516 50507
5652 13863
1778 35217 5900 41499
15457 22125
25182 22273
5874 11365 41865 5765 15256
15821
46559 12439 57483 28370
45559 10853
48227 35613 22447 43470
53256 15611
57002 51566 53963
1867 14540
9191 32494 13812
53506 52503
49667 29672
33113 16329 18855
56631 29224
25124 7186
10165
21722
41581 44627
13836
43752 15819
22490 11914 56993
14658 15094
45950 40717 50476
49676 24924
24313 50838
20224 25271 45892 47260
18639 4912
22335 19130 15683
28463 25921 19588
48635
20811 22427 36437
37825
47437 57500
36494 38029
51050
45690 46155
44403 29537
1706 2536
42750
48165 30198 19272 49927
47972 3916
48879
29316
34663 1328 4045
53297 52702 9090 1174 23847
34485
7642
53372 54163 6763
28891 9617
56070 53223
44233
64
3810
14835
46215
33495 11866
14759 2150
22995 46424
35180
51658 50885 21738 9152
51916 18623
38960 56713 18694
42495 6285 15045 27849 23717 15122
24525 18820
32183 11633 33484
2757 17703 53874
14757 23915 51156
28271
46282 4823
18757 31707 22762
46269 28798 38782
42332 3168 9104 8039
35593 31759 23835
13947 57272 30320 49861
37386 17620 6120
44551 20867 48935 12388 14831 54460
22050 30376 52728 19319
13586 50002
20981
47967 33224 33827 47678 47227
42711 18124
40432 16846 46331 50577
19183
4790 33306 47103 53712
23329 9552 43094
8970 30490 29060
509
49542 6392 52812 11074 34360 28714 47988
20754 2872 33889
4800 2476
15478
13006 3305
17202 18441
33286 44217 47634 24314
12217
46310
53527 37922 38535
39801
27177 49550 48053 21066
22020
35741 48817 37219 29762
56801
3955
25259 868
17343 5060 55476 40628
52056 25275
50970
23220
43150 21649
3126 48802
28615 32266 29680
42084
46247 677
55946 19307 20848 5590 9184
4484 39030 17092
19128 48432 37428 8847 54710
41583
37447 51155 54920 20761 46361
27136 17312 32098 51030
22285 25489 55994
30786 37175 4821 22734
39220 1635
45745 47049
15623 18115
24582 1637
25488 24657 18606 15206 2145 38545
31436 21482
10669 15644
9572 36357 14026
51276
54462 50326 9610
8054 20878 53488
12401 45419
16730
17295 40947 1668 23501 25928 40156 29920
49305 32122 25902
17760
47353 39616
2247 49212
495 36635 16007 43984
6074 14486 23277 30866
48546
31992
31062 25845 16352 7555
50963 3781 20526
19352 56835
10292 41115
832 33365 28494
2229
46904 45907
10921 26927
10765 14698
40406 47377 8443
9134
27900 4396 21114
4897
24910 8830 53514
21042 2987 26475
42622 16038
37602 20799
21679 6399
31635 21335
33150 2280 3919 7245
56971
27820 43191 28429 621 46239 24566
51497
30342 9598 51791
22814 11920 48101
1664
27297 53999
30248
56378
6166 33050 53246
5288
3480 9692
42769 6425 21749
35838 13648
27137 8420 48440 29742
41590 27104 29808
22641 40559 28734 18586
55236 50870 8581 13209 6960 54667 50861
25708 33143 29331 49669
27663
52505
50457
30724 33187
13664 1989 24661 13650
8311 39908 32136 41218 39466
17501
48741 39400
44309 2423
39820
33658
20352 35959
43118 7280
22752 56080 4480 53277
12800 462
21868 6830 14821 4698
32702
18807 35375 38864 42657 22630
34075 53619 29473 52988 4180 33737 8433 6306
31388 23286 47359
38728 3036
6311 15366 5368 32439 53148 2479 32624 49569
48406
38379 7469
10414 10123
811 10321
33205 26017 36927
35567 19078
29632 41692 5665
21646 11109 48975 10318
23013
8593 38538
7909
37099 23005 26188 45787 18489 1917 31459 28155
30561
12987 54567
38220 830 9252 55041 41970 30087
25279
15162
17486 35703 4209 27031 36422
40980
51576 9021
4694
10929
27744 35043
46220 53363 47460 15384 23012
54319
11329
18562
35777
4292
55880
49119 39038 6294 35973 4192 9724
55615 4997 19911
11437
53359
15651 5262
18091 24312 8231
38101
43033 22472
17212 27337 16659 55876 15149 38087
56442
33149 24348
26648 36557 42525 45337
12964 40302 44851 24049 35518
45403
37836
32509
20734
18585
54341 40331 17314
25669 39780 40773 34781
34870
6814 31470 55900
9323 40120
44129 32341 16182 14273
15721 47092 40726 45061
22560 12521 9938
25290 47071
47958
13257
3711 48040
542 13301 50052 27206
54613
3911 28409
57564 57038
14998 36519
4600 52279
31756 48029 1092
11516 2874 28286
14733
13874
10293 44938
44864 55011 29609 45456 6203
41538
32385 23459 28606 40151 56413
30999 49439 25555
50122 38001 4018 54954 24595
42483 28205 45825
39362
36944
30525
50901 43535 26176 32086
34241 53168
21514
10703
31536
9602 27296 12946
21062 5109
37790
4357 17086
13552 5377
12948
27088
42429 46067
11829 2338
46922 11806 54991
28466
55928 19249
9939 23541
48937 54603
18102 47953 8330
56005 21311 3340 43701 46772 8209
6006
30529 27130 5202
16588 32021
12251 46244
43918
48702 6614 27184
4453
55864 46021 21941
36175 35590
49084 39848
10422 50557
17982
31445
21852
6167 9840
45330 19602 28811
51366
23651 43948 13674 46584 5257 519
48948 10261
31243 1931 17889 41270 49252 23367
23098 9178
55698
23232
21820 28972
9757 37683 45366
43343 15295 46466 30148
19532
46245 12677 34790
23531 2485 47681
6790
31554 47332 40449 40395
2610 55074 30067 24283 48535 26441 29409 28659
30327 15511
45410 30485 28562 38646 19585 16760 2929 26695 19499
13988 55229 57608
22935
46003 55190 8529
15603 39481
34475 53294 10751 7148
55300 53075 861
32928
41729
19832
7554 5083
97
24649 12243
31830
28087 57512 3989
12923
30574 30717 42691
54017 26973
14775 49343
51240
16099 28240
27731 5393
52959 45953
33355 40669
17198 1827 16971
45670 19132
21357 2540 37610
42076 25611 32676
7645 22909 17276
19644 34808
24905 5279 1002 50128
46175
22902 50829 6849 55568
50662
48429 4132 937 22657 48824
38662 55784 40461 45142
45566 10025
10967 4080 50850
48373 11394 3775
28084 15177
40392 19004 6217
932
47733 49495
7114 49558 21797
49246 13351 29214
23803 34056 37848 14094
51389 50671
48430
20847 9564 50401 14275 34916 34232 30246
41045
37754
40393
1082 38486
26825
16666 21244
55608 57345
53454 35746 7388
35131
47233
45763 32790
45102
49552 29261
8156
39865 49536 10479
43758 25049 5571 15416
36757 3789
53736
6391
28144 4176 15794 10502 10688 32670 32981
8035
33769 47650 31526
48882 5700
22566 2720 26224
7028 22958 33836 12499 39541 11490 39666 15482
49286 10686 19916
5353 7062
32354 24299 1168 15659 9718 28128 23272 50200 17949 39090
31460 46174 15810
23101
31487 22468 7218 8266
16439
16452 15387
29269
34846
43013
38737 52351
2753 10543 56984 31569
44789 54770
18211
42472 192 1554
11290
19626 34491
18738 27050 43789 43431 22138 27255 30210 51892
16924 57574 56641
22792 45840 23920
25792
41367
45943 48812 55618
545 4922 54740
18515 27249
7670 50386
23366
12551 52513
24669 54550 1287 46912
15857 21586
24447
45710 23358
33886 48467 41071
5832 23991 21427
19396 10525
18039 43351
33500 37142 9549 46209
2890
15879 14660
32874
10627 30510
36763 36461
51211
39957 42524 24868
36313 49219 51628
38408
49068
55097 25316 9694
32224 35902
14824
33313
49620 7646
40009 48726 52544 53868
9329
3425
9962 24193
31261 55785
50688 51126
55073
14863 27927
39707
37058 43044 44305
55861 44964
17640 26758
31292 17059
25015
39389 33853
14431
52646 12606
36288 50378 53557
53992 104 18195 23230
50337 46982
35439 46085
18734
31667 27254 17957
27627 35511 14994 20186
15164 15968 44892 51736 40855
55193
41913 17184
28896 29821 32396 36492 31182
10822 36940
14666 31029
39309
39992 50916
38945 18043 42012
38695
9581 42262
16010 43124 41202
24434 7967
9565
8690 18681
47991
25891 31448
35976
55687
17746 34742 15419 17035
1504 38182
3198 8834
38567
42135 7318
17825 28339 24064 15057
40742
32306 5107 54249 5511 28192
46493 36785 19336 35420 39107
33105 31115 33210 21582 38849 35005 16723
48351
19920 52938
28165 55871
2765
2759
43167
57495 6918 44552 55292
14563 41007 16473
34598 21267 26069 4006
16330
38834 3665
27323
52162 1796
52420 45589
51275 43637
41200 14144
52481 54702
8435 10907
21798 1260 31919
52180 17466
1701
32992
8783 34618
6463
39651 20814
18540 7322
54625 45119
20697 56420
857
23657 29164 2680 13211 36318
15133
28829 37652
17860 26009
40407 455 6172
50201 23439 52925
9469 35523
8556 31360 27358 11591 1252
28036
35592
5769 41417 6362
9671
5852 20085 43021 4028
14373 38144
16763 39305 1158 48918 19700 39302
54427
51087
31879 6746 35762
51480
6846
30009
19486 50208 16765
35837
45678
30088
34946 46949 19254 42222 26864 10027 26247 42126
30480 24663
11669 26505
8220 45034 16146
4803 8645
57193 55055 23724 50835
31458 25973 52833
13283 54383 40020
25143 46462
10469
16035
49475 1543 41269
8043 41365 37170 38100 42520
8240 35676 45864 52507
5339 24652 724 20616 12301
18632
30674
30156 55432 20238
40226 12467
33282
23497 2597
40490 12060 49454
14778 31010
21358 21162
952
3347 41719
40909
42540 23417 31195 29669 37950 57019
14765 50427 32240 5366
726
42403 52648
54662 19586
54476
10691 42884 16957 56012 48095 118
36090 40228
35012
36904
20899 4241
9498
27023 5662
7621
56205
20087 36398 35163
2885
9467 41901
44484 8279 26298 10362 32165 53187 57135
15699 1456 16300
54778 17747
21290
37409 42107 22467 19077
35989 1517 9221 4788 22829
22943 21870
22788
2186
19260
52493
11730
41736
1321 30916 13797 48662
22069
25444 47270
21732
55731
17583 1501
8141 53613
35069 42689
46149 33855 53103 56620 3402 43312
6287 45462
22003 54552 32932 1208
44017
41378
2253 26635 10586 29729 27367 40280 5509
51587 1690 33056
49338 57080
38426 31233 13990
15260 31314 49490
24255 20877
10225 7303
14827
40285 40624 43085
28762 27234
9383
9822
23606
24501
4741 12424 18241 16678 5117
38498 11955 51562 31495 36048
29207 1979
6116
17324
31615 35639
24203 52008
24153 23259
9169 7193
14737 54140 32890
6987 22188
45569 33571 13494 38390 12403
27615 50539 6501 24320
25577 17013
35737 25806
34764
19215 26330 40245 40527 34071
19673
2248 36227 52196
20711
19528 21040
22195 28598 18371 33608 14499
57570 4449 32407 52465 16810 9654
5767
47054 35819 9333 19300
50528 38753 46004
50261 5206
43991 1111 1426 28524 5184
44486 5781 42195
29656 30584 445 1479
16195 4493 56538
52791 26048
37093
40632 4037 18421
40647 40548 42514 47047 13403
45420
5305 14033
22438 44723 51938
41665
16338
27443 31997
1930
13792 19064 49994 36403
21984 38153 35553 29793
9367 36164
19897 27345
16468
17006 17179 42599
41821 36883 3944
53898 4077 44033 15545 31254 35999 17313 20456 4738 53627
41975 57323 48716
44902
49178 47952 24640
36541
36669
34017
16023 11522
55812
17256
22830
10073 21915
25322 17096
45035
53273 10150
18967
44362
18169
30282 4904
48819 19172 29381 11643
42384 14256
16789
10828
15495 2893 31206
896 54927 43419 13828
23493 37021
19971
57211 50958 1220
15433 12965 24750 27748 50440
8178 57199 11918
23345
8570 40144 6909 53780 29944
57428
26670
51732 4040
44011 12665 32461 19552
45567 31598
32768
20640
12857 54648
3407 35792
44218 37574 31490
15009
46026 30845
50877 13771
33311 53695
11987 1559 290 4382 45902
39171
12875 36640 7172
32416 27765
43721 30488
438
14466 14427
54889 40868
21552
51374 16790 9241 43604 33831
31629 29400
6524 55649 30679 32656 14350 1815
38465 30524 40847
52043
37568
55480 33976
7956 42932
53870 10646
28241 27065 28717 14259
50319
56315 50640
11539
14870 10370
57236 47462 26980
16936
33783 3693
75
29660
20902 33921 41757 32372 24839 27682 5844
13147 54974 22930
1957 39296 411
40474 40689 20219 45260
30006 22735 26306 40630
42838
34467
27044 50754
49820 37900
47439 21388 54461
2258 16572 44345
47560
1315
47438
20661 47057
41658 24524
33119 40695
56778 34864 57106 22556 6505 51098 9558
9814 40810 56586 16270
2640 13835 47346
43975
39560
6862 23672
43329
47256 16241
44234 10428 32867
47224
41333 53029
22654 4693 16022 19360 52902
26078 28632 31528 3155 51545
57289 11305 44165
6121 45055 29751 7394 25628 3980
23564
20295
53339
41550 50713
28006 25780 29595 6
4608
29688
8603
2663
31061 16431
24873 51570
32059
29122
2774 21793
25048 10785
4923 49106
3059 3073 10750 41926
37241 23356
30333 32471 45746 28552
40129 44490 44985 37720 4368 41278
4307 6570 41744
28321 28991 49726 34378 52077
56987 56786
18804
19835
46091 20097
34169
54741 34830
42917 50105 49819
16340 41381 50750
19374 36025
51104 57360 40382
15491
5701 26788
14716 35430 28453 27934
10631 12926 56659
12661
4869
24878 14119
15969
35971 55863 46560
51407 43471
3627
55359
46391
14200 52537
29460 39483
10770
9499
12432 47604
52924
36908
26507 15487 33977 19537 4339
16906 19693 26919 5431
27828
26331 19384
53690
18023 33826 29942 45515
33631 24370 24891 26776 44012 27375
46874 33771
18942
57088 35210 3343 43103 11459 2884
5564 19665
18859
41560
45478
36114
57335
36201
5526 56296 46371
32010 23618
27629 43050 31376 19597
15785 53539
44807 18298
49081
15897 1489 40171
40484
10833 50061 25056 14166
32429 20604 49296
37255 11648 31922 56745
53442 4714 26531 6542
24794 50627
26877
17398 12132
10841 56022 1551 22115 39600 47391 4353 31641 21900
55631
45667
28043
52710 24762
39128
32960 35700 779
8230
466
49714 40519 24458
14367 42256 25504
17335 36779
12527 12173
55964 2391
48366
19554
14752 34897 42812
29387 2554
42823 47620 22669
10758 13411
34410 3784
37641
26373 48409 5808 34812
41097 42045 43870 45085 18297
9701 50966 2519 44289 25016
21055 37897 30080 30605 1170 41178 50486 45053 52471 11999 7332 56912 16893
24821 20508
28603
6750 41276 21527 35546
30033 54760 49353 24041
38036 27043 3985
18875
1607
35577
44619 41973 5009 21570 4624
33635 6260
46007 8134
36841 40094
52099 29062 53907
41064 26601
44113 36333 32324 8997
7694 5041
19366
42054
41040 47971 14311 35463
42915
8617 4372
47398
40043
20350 10826 29023
40206 4010 45891 22337
52355 48044
26876 45832
5277 41774 13817 23676 21939 4918 52644 9258
39286 55835
1858
49742 15748 980 46789
840 41464 50334
13929 490
37171 43855
50191
45791
9096
42914
35877
36918 5906 32619
36028 9327 25985
40733 22664 39425
49420 21660 44824
6766
1312 42547
33281
27072
10762 39678
8345 42406 240
21640 15825 20080
19716
32024 18085
19091 43740 4949
844
45009
38981 40602
14387
47131 2384
30960 11738
27127
5341
14062 54853 26952 11550 22742
31484
5541
53616 51616 8500
56863 13940 6850 30627 26524 49236
29445
531 33273
16781 17252
39101 54481
38546
34441 37882 31255
25666
56613
25293
32436 950 33606 12536 29329
34451 29266
5955
39548 39338
17171
9481 3336 53808 48207 14418 48002
9043 21026 26342
3284 21700 56996
2930 16585 28537
52287
32045
47081
14692 55724 7729
56921 24702
38799 51502 25988 24178
54730
9797
3798 12649
52807 38392
20995 43670 22318 19452 5127 14620 49327
6348
37161
19606 53178
20690 14890
36866 21185
20872 15726
6520 28112
2871 14799
35654 2341
49612 31550 44662 25582 32854 52579 1667 20229 8822 6460 12645 55086 28045 40626 23322 52273 39172
18306 50143 43607 52319
8657 15115
52117 44181 22573
51023 20190
6706 17973
49062
17952 2641
25492 4692 24632
26522
52444 36505
146
15629
11564
49729 31356 21303
30859
1437
25554 16488 25117
36760
43669 19127
46853
2071 46300 28136 5983 56962
43684
48794
19728 48159
34514 45488
50944 44510 5530 2985
33159 29508
99 3782
31462 51568
24807 43409 22671
56231 51769 27879
1422
48711 53393 39688
50479 18188 35575
28394
56539 4123
10418 42197 26030
10526 30401 11214
5706 34647 15084 390
14676 50431 16245
15204 23857
52784 54023 15318
16094 44630 45344
50647
15632
56730
14015 48953 54604
10456 2209 38986
44989 41404 31137
25660 3744
51356 43171 3004
4314
7862 24013 21834 3074
44776 52596
36411 4020 25720 7493
34392 18 28721
1684 15155 54405
6354 50023
33847 10848
12560 31730 52115
56547 6754
36055 20337 20687 8109 46019 1708
12889 14349 50287 39231
12761
40750 14641
49885
35146 37010
7000 9429
15578 45844 38957 32636
26435 56299 39844 21208 27812 1966 53805
15963 27899
20341 40718 9150
29963
31257
52627
36261
6603 37799 42196
36344 49433 43818
33857 48063
13134
50054
12374 36477
11561 21837 57023
33678 6020
57539 53110
48752 3831
4609 35678
36832 55762 41267
47920 5035 34614 9964
24218 52814
53749 53583
37371 6393 53352
31158 51136
5489 5663
29355 43066
51636
3379 56226
48733
50869 34189
3258
37116
24187 20961 43469 7308 38723 48066 28548 19020
29054
17564 33238
12491
50638
27222 260 8132
55313 16495 1763
6149 4359
38797 57001
37714 42975
18483
15459 5868 11164 17530 48923 10913
14922 22596
12713
14401 31737 44190
40702
37834
35405
51839
15642 8611 7877
49948
29789 39121
26302 36736
44727 21737
15178
3474
35026 19559
4519
9537 30236 40475 1151 15103 17641
44760
38738
11993
54452 51921
5008 57583 48511
37943 28054 35199 27173 22270 26494 25704 24154
36130 36414
49837 52951 7051 18733
9426
30673 38549 32119 18128 20969
39446 9371 9468 37527
19771 35658
36943
29255 1239 17753
19627 51454 13166 39344 7510 46528 20530 8567 54505
14966
9397
41579 28809
40933 9926 34077 31871
46877 8116 36238 45343 34496
13068 7321
55076
25640 51763 37383 24387 6106 6640
3891 47536 21091 8032 41831 32068 21064 31176 12510
25025
11853 45217
21838
1016
19978
44993 12786 14597 9202 479
34871
50056
16774 35817
45550
15017
27919 35041 35716 30835 8186
12078 6925 44780 22229
26437 46460 33988 38469
36388 48884 27945 38668 2313
248
56029 10973 10389
27525
28425
44120
2601 6468
48501
22883
11042
14710 22236
57621 51604 8580 27385
26605
54404
22308
1182
25069 32924
51701 51976 44623 50508 43853
27683 53689
50959 43403
23517
20780 32813 37197 45153 19367 42371 702 52121 34379
27428 37528
1338
34218 19797 50062
37774 3134 35260
897
3006
28753
4968
23548 45766 52097
39316
36660
29803
15395 29549 42709
52037 34604 16845 51738 22904 54374 38105 22998 7254
29385 43014
46385
9754 9885
5534
7796
90 18433
37418
25715 22753 30562
20455
25937 13479 32615
2916
40195 9046
23248 41888 36353
28177
27110 53004 25508
23737
4967 7292 14948 24296 18818 14635 32929
17421 30003 40772 13489 46622 7815 2438 20375 44729
54850
47000 57316
4208
4610 29222
48761 32918
8269 14875 7089 39406
26189
55551
16288
37999
2692 13772 29581 15347
15768 36931
45385
36605 31097
32081
49022 30414 21186
14267
57409 32865
535 37135 41193 20667 19883 6221
37577 42108
3080 57563 49968
11376
12724 44089
26574 11117 18288 10048
11509
8916
29444 30412 12843 8398 4203
16301
22387
14628 53001
52990
57170 10454
32721
10295 8300 51594 34444 29560 11692
42478 47709 51546 24471
56121 32561 42593 50016
11510 13242 15601 39284
51045 7058
12265
10776 52374 46595
47588 26118
24347
1859 2911
55515 8439
501 56313
25302
4706
34908 1747 29723 11186 32301
26187 35657
21613
29673 16694 15830 46557
42940 36225
7266 52230 2324 9503
3269
1275 56760
43663
10002 34003 55252
40982 53428
31434 55665 22895
2234 32505 7350
20268 27808
8104
42830
18944 30304
16224 52291 110 10096 16707
27487
41754
42177 28788 32191 14769 16347
54302
30496 14162 45941
29448
46327
17438 56463
28549
48139 15158
44221 44312 194
49795 4602
45210 20457
54270 51561 6785 18199
40525 44821
48549
34910 55351
5406 686
3629
42900
26335 16476 4221
54408 18012
3495 12573 10757 26537 13461 26032 42174 47382 50971
42377 11066 57349
23949 6330
3429
4076 38951
50684 30863 44346 2919
56870
7926
47320
10475 20903 42829 30819 27055
57075 29324
2342
20801
44686 37507
39433 41688
21159 20292 28728
22430
40643
48917
32855 7532
23936 22433 55122 25996
37705 34357 23415
20086 10786
18399 24326 27513
43257 55253
35477 12966 54447
2927 3856
32025
47557
39997 22314 7636
53321 42388
24799 43408 43179 10256
57220 31649 37016
8150 51252
21350 38046 21908
25991 21264
33999 30385 27806
18079
18513 14845
12538
16651
21207
12360 10062
18550 55869 39000 43619
50153
15996
52521
19540
7213 22037
54637
35659 35176 53993 7683
24101
15217 11755 37930 17373
49165 10778
18888 35843
30615 45445 50235
24512 54914
21876
14520 15507 46872
19566 19106 38521 49880 46256
9662 10248
12753
35940 44016
2845
17945
17216 56809 25703 33812
43735
6939 5494 50895 18845
49321
5251
8769
47307 15598 46839 43155 6160 4891 31928
43173
9975 1261 57184 45229 50445 18414 43269 6713 33859 20437 41555 23685 54202
52563 21875 51297
18553 7234 22349 33237
39010
38142
57288 21897 11547
28945 3511 43267 47175 55038 4552
14931 37728
26290
27994 4073
34296 57043 54389 23961 14744 13372 1340 8237 15829
45628 5370
23217 32198 52400
56842
16218
16632
23552 13484
17336
55164 44618 14010 26105 23769 13111 44936 29652 28263 27412 30733 43181 29661 54351 35818 40257 7112 14983 51164 55643
15880
48993
27509 11592 47794 57518 4254
912
32432 31203
36430 24837
34229
47553 12598 25927
48300 17852 41047 17918 25519 16674 54201 12603
7791
37153
37808 2715 6288 37045
4753 2015 24249 19408 8183 52494 14076 16681 15086 38524 32386 19276
9400 30050 21644
16895
56925 56272
30646 626
38766
17758
34278
29313 15305
50630 11938 35653
57201 53796 32280 11722 17810 1270 24695 1227 10976
44948
20959 36538 5925 1173
17158
21899 29459 1043
9712 17391
54832 11110 14805
56779 10977 5032 54562
54537
47245
52839 42743 47742 54275 50196 18714
10427
21879 41263
8288 18805 34429 22531
5420
11388 25910 40997 9793 46103
29758 16339
56874 52559
24679 28759 30062 22881 7819
56171 46943 55139
3327 52142 16767 34701
20931 33111 4622 46703
48562
25164 21962 44476 27889
38398 46274
55339 17907
47261 20542
12574 34746 32596 24975
40948 7643
56032 31559
29795 29713
19034 36489
39351
21336
19774 31802 19016
29346 53928
37434 6527 19107 53408 29861 22036 8817 53632 3208 2044
30102 42214
40851 36913 15451 32629
21050 40124
23037
5654
14853 7064
3350 23080 25918 42128 34112 57082
35443
49887
33300
14684
9517 18236
19704 9715 37221
45545 26857 21994
5483 31134
31389 20069 6147
41914 7122 46291 32588
17514 22458 7891 3338 44125 51971 9698 5969 23362 19628 4653
55157
39768 26844
2515 33790 33569 54368 42648
18426
10818 38470 19521
11835 3139
9167 17651
47145
49098
26463 46184 24637 18354
1695
18092
2149 44955 13997 35010 1698 30641 41770
6199 31555 7700
26796
8884 20161
18401
41025 54188 16976 25728
31864 1363 41009 16799 4641 52425 36504 17340
6679 30352
39938
12615
20871
29890
47747
6898 31037 17628
20577
41101
20980
55961
27873 15667 32500 11864 4632 29235 12818 36562 22169 57108
55763 30232 22887
27778 36232 38730 27460
5399 38542 56327 3353
19576
19933
55150
36897 29934 34161
47841 17723 53310
20520 18009
4534
8168
54838 11781 50480
3054
49204
17780
18775 42860 27851 36431 3942 45401
44628 41813 48171 44657
35648 738 40833
17204 50116 2124 51981
30373 15274 19037 38703
40397 8968 33562 8180
56514 44651 34750 9980 45408 33025
50031 55930 42466
1514
24551 8692
42423 3691
37636 18155
31355 45583 36513 51707 45222 29284
4149
2899 40154 2837 29879
17732 53873 53044 6565 20515 42142 36930 716 10488 46990
24196 54928
28732 9771 30427 14224
46754 8124 55524 35239 14661
48708 8460
50637 7925
46323 9380 42584
22282 21594 30783
36150
55475
36471 3862
8680
18383 12835
5214 34272
6569 14536 2450 39197 39369
29303 23305 52881 41528 55768 14673
17249
42230 10046 25711 22880 16948 27209
42577 24086
4577
49302
14424
54129 33520 38298 41952 14571
51287
49370
28587 13121
34805
4309 39076 30974 38215 8557
14219 6205
54362 15268
2727
11017
2539 18516 26789 56542 16043 47187 9607
56067 10119
5542 12836
10018 27712 23416
54594 1300
10190
44853 23498
36267 33193 28985
56148
40152 25094 3053 14730 36065 45499 28872 57357 47827
56522
15580 4065 727 10436 9246
25509 2771
7059
26260
29294 26433 29921 48992 41690 27081 47823 53150 32951 19253
27536 45806 15519 47687 42199 45486 41467 40769
36374 55100
32174
35008
45823 31221 7882 44640
36329 51333
54811 13547 26461 25027
15503 10516 35286 18111 51339 26583 9295
39922
973 28876
643
20189
32151
14511
8008 15666 4478 37498 25560
5624 21338 6560
50535 29916 15077
10207 21435
4695 37223
54228 23677 16554 27717 20240
51130 2019
23014 14342 39795 6562
30795 41654
17259 9907 12211
46397 33619
53130 53612 36402 8750
47671
46246 11545 48279 48094
43863
34803
5264
33325
27720
6202 52854 8863 31391 11103 39201 38700 23626
56762
25026 2506
41135
32062 40087 18256 17467 46885
39921 36280
9748
45425 2882 20332 2398 54398 14773
32566 52006
13524 37391 28743 33371 10563 56702 12407
22154
7238 15019 53686 50615
22529 48264 5793 28653
21047 28332 18904 38089
24309
44950 37863
26483 7709 14755 1276
4088 45633 31082 44704
11846
52776
47788 27351 20567
8444 6871 4029
57403
46410
7846 38096 53186 53059 50917 29619 51730
47587 23228 28389 10168 42007 42643 46329
57119 11594 37785 12569 6446
26145
5435
9401 46173
40000 2639 30992
23616
2710
47722
29708 21974 7969
1824
46846
40305 3222
37234 34492
39854 56145 23100 16405
49549
57599
13258 39 6564
33287
16066
23695 51071 41457
15373 19927 40556
16582
9937
27192 54612 21584 2197 12286
14314 22311 50807
47303 3099
41972
8530
7131
26394 45389
31561 35170 20989 24385 36704 22720 16426 40036 32317 225 35531 24967
5121 40178 21287 7335
53774 25576
14258 4370 11928 26963
27904 36554 32192 668 12233
15944 2204
33201 48512 1137
11206 26479 54485
20038 19697
47298 21893
281 54414
13193 55936 53934 48245
6986
28328 45983
56693 25459 45183 21723 40907 6072
27957 32800 37457
13636 53102
23566 11348
15052 31073
54992
37202
36501
37702 28377 13703 33702 15275 9101
3064
32882 42427 25252
54866
14210
18630 50006 47555
17062
5479
37238 29634 6398 37895
46793 41663 9108
24586 19752 31263
33956
5605 2029
48606 56163 43339 31432
54792 19590
1549 56773 15036 3024 18044
24568
24903 49199 46802
36638 26113 52459
7430
43323 21337 22526 5959
16615 54342 11149
12451 49322 26088 38788 54586 31799
15506
38905 19309 30218 38906 36051 5932 49474 18646 23683 34050
22631 10600
34483
24294
33781 28521 8385
39226 35894
38076
1639 51544 25950
46221 17588
41908 1228
38462 57598
13273 27434 23943 48483
49180
39516
17217 56150 42065 8998 16684
55826
28554
29552
11554 49046 35033 21635 56740
43277
37925 16312 3030
21755 41672
43771 44360
20290 32279
16404 10481 50890 53847 45999 36846 11092 26995 1203 4974
22032
10336 41930
12997 50159 1159 18981 19546 54677
26329 39029
21751 10448
35798 15870 22249 14159 39584 38071
41837 19879
10911
18747
40389
8726 49601 44395
27630 33822
15354 57631
14664 31340
56154 52782 50974
651 31777 33288
19335 40921 49695
33297 28843 6100 17165 46365 34733 8676
5333
35414
9156 35379 27857 21664 12522 41402 26375 22178 5282 15532 559 34010 6151 40889 6134
18450
22827 41584
51371 56248
22390
55191
6445 28413
35319
56619
28805
26487
23386 37376
55142
38746 56147 25076 20458
27530 30659 20010 15894 39692
44158
40940 9921 11179 48028 9496 9734 23722 14323 9895 34739
16536 4270
13263 35016 2897
9740
28424 19147
5131 19515 34093 28407 24038 7692 31952 8831
9036 17783 2037 10536 44579
30787 24235 48509 30064 38729 42162
6837 54375
44171 26549 47427 54843
22406
36967 14972 35661 3628 36723 29366 57109 45069
13162 33314 15298
17263
56560 2147
49943 19542
49816 57325
47727 16396 4279
34351 31914
33993 6730 32651 15160 40906 20173
49086 35720 33910
12529 45216 24828 50038 7405 16384 43791 11251
36263 6376 20459 25868 24160 21258
52765 32127
22325 17416 39192 31306
36041 28010
53452 37381 50212
16891
54322 12414
14360 34472
26619 18506
55511 55896 10251 29562 486
26277 38903
1687 43916 40759 31824 44240
24470 36444
14433 15893 34933 11786
35191
4273 22544 16800
35517 14956 37695 50103 31005
7879 1709 11366
56013 2165
3550
41455
45312
44475
20730
37951 15599 28412 22478 23472 36516 6069
32606 39350
55657
11253
284 37245 52877
17457 20164
12895 12138 54893 47930 2409 2346
4711 14278
4310
10491 5476 9245
9376
49416 9110
48981 22952 50710
29735
51672 49520 11431
44887 56064 57387 12097 56963 990 12399 32160 21201 57449 47792 56847
30847
39709 56704 25930 23989 48971 6230
50412 31655
48677 19210 42890 54429
42680
18094 9338
3248
51726
37382
26095
47726 21602
50786 6512 50278
23611
40161
11532 31479
41466 47695 26964 15828 18032
9941 56403 353 15173
11346 21448 13207 16213 27354 38385 48834
18457
46952
37940 28017
43227 1791
17594 9520 10339
28715 20134 56664
12833 39720
14822
51489
4699
40258 30818 54652
15081 20180
8625
9190
26805 17933 43709 54271 50313 10278
37725
42369 51161 53166
49395 7518
36218 22593 31191 33249 2649
41529
55305 50742
173 18575
47755 25312 25416 6735 40459 57306
18628
7487 37975 5658 22601
35408
57527 13099 46826 25163
43572 6475 2237 33428 35374
27937 2395
32496 42415
40135 43479 7524 31426
42951
3109
43723 19284
38777
20588
28495 180 30948 16786
45140
1351 10527
22328 20521 10774 33040
24390 41037
17292
21617
26829 44571 45555
37252 53713
29614
37617
33721 1098
36747 14774 29123
19302 31297
8660
16610 36546 30952 43112 57240
43149 7421 3839 16460
26678 43937
33057
29585
14575 37042
42460 53524 15539 47031 47999 38034 26873
40196 22520
25586
24322
3872 32841 3999
48197 36962 39811
23400 55867 34560
13167 46001 33357 7121 36986 17055 14505 54949 39810 48862 37561 39838 26172
20585 25844
9983
29616 37047 40224 29884
9887 35851 40453
12584 17737 22662 37414 22511 30657
3156
40977 27003 28851 48804 22176
23783
31694 55441 20412
11559 25643 3315
26935
2997
25205 14294
50617 14798 28182
6504 23196
7974
54093 27809 2724 19441 11407 29113
24149
14209 29204
44997
2822 37336
49215 3876
3262 25824
56507
56914 7522
6476 30426
50404 28223
29052
16081 2420
42630
54805 7842 52539
31207 9818 51983
32743 1350
29461 14352 3335 38342 55288 3033 15497 6975 18919 42772
2928 38699
26399 13796 53567 16797 6931 54300
7731 13054 51974
57111 46624 19620 16189
38654 759 17575 56081
3295 2595 37578
34042
15799 51292
49892 32488
4185 20581
51757 3413 32611 3385
39300 35125 30386
44931
725 39940
23638 40321 9606
50219 12513 47072 19101 20944 4771
38413 38174 2464 54078 42572
7288 31986 39675
52790
25645 55771
53625
52619
7734 29368
32876 21509
700 15523
32880
19021
17814 27009
38415 11084 11231 6190
51305
50914 51866
20218 30702
18753
12373
39419 1443
20383 23886 36708 43028 54424 39443 20359 45544 29659 25947 33969 52276 14234 25719 13107
14186 26004
9486
5496
31303 49457 7459
25767 54532
26354 31680 32118
18243 17778 23172
34243
7627 7747
1242 22240 56181 42202 25563 22771 16285 11695 35167 43170
26280 45397
14485 9908
18600 52302 13862 4102
39266 37032
22726 35356
39066 49782
33246 6991
51120 4202 34073 1908
35882
41847
39995
9476 28708
35324
50343
22366 56888
51872 18802 36340
6577
3894 53579 41481
29568
9540
29727 30899 23141
2730 48742 9033 15141 39156 48098 54426
42943 31126 51962
54540
16940 35060 23554 42649
19314
40661 27056 2626 45386 9747 45083 436
6342
30477 32747 941 4461
56391 52301 19611 5913
21696 26371
15374 19878
20815 28290
661
53696 23193
12465 8576 55978 43336
53537
35712 26679
24140 29867
55675 52542 18071
15747 4685 10200 45268
17230
27125 392 16831 40760 26236 4880 36006 8139
53447 26362
21982 199 14611
50764
47698
40652 40440
1259 4078 10865
2775 30319 21122
48198 33208 47990
47737
38169 10329 38480 11607 8066 35303 27113 24492 12727
53378 52439
5877
22179
41758 54283 4935 23483 15195
6765 41080 44419
29561 35178 25450
51017 21105
780 1074 3419 42047 19619 55815
20021 45552 30268
55105
37225
51302
12114 23049
32888
13684 20805 50361 13116 34391 16464 991 45977
49925
40942
29281 9231
23203 53915 10870 37879 3825
2289
26364 8267
38851
7740 6610 11331
35879
16411 4288 25225 34654 5826 50367 50030 29241 1418
30932 34982
30826 34426 31199 46592
15754 9098
16702 43121
3600
6280
33340
21189 56627 51231 34030 51863 34011
16009
18786 36117
35785 5040 48679 41468 55367
50611 10697 3706
37178 47033
31342
47217 54418 7562
24718 12866
3934 54092
38934 26434 37556 34672 49744 37670 3281 22499 50001 57041 14980
12635
42273
12 39881 40040 45251
46670 42578 45723
18412
4237 43313 45003
36219 57000
3365
25755 54006 42322
13466 6152
16969 8703 34522
27106 6945 36673 30231 54019
18973 50463 41566 18484 27195 41486
2050
42698
13101
10253 56051 43376
39515
43407 22351 25287
41451 51455 15535 52357 38987
42603 44783 81 52004 48394 42773 51823
17561 52548 16256
17586 56492
28180 37887 47504
37369 24591
2728 46883 46637
1640 22377
23988 50705
55296 50350
29578 13499
42362
9683 24827 52260 296
23824 53271 50540 47199
3762 27413
36274 38210
47787 20432
22341
43133 16558 31905 52746
37762 38727
17991
35311 20382 49247 22861 31315
28431 34963 32541
38592 35664 29756
55884 30575
47595 42455 11984 19044
43869 115 54192
27721 29941
56722
56407 19921
37540 29802
31949 25825 30438
17368 35573
54691 53937
3970 30313 43645 48566 22082 20274 38565
46008 10103
46769
8613
35378 39853 34653 8260 43733
31476
11484 32110 18190 22488 9129 25083 31025 21789
10158 34950 53977
27355 19678
54406 6307
45299 15153 47114 42152
13294
10392
24820 54315 43043
24730
4374 23922 9967
13252 24121
10449 50736
43913 11977 20147 19409
14874 10113 28692
51373 39673
50248 31827
56402
46389
51986
17714
1716 50846 55345
37715
12671 26090 16419 54047
10093
10797 40796 23298 7901
38619
5964 1022
26468 48853 241 17319
21433 46506
32976 26409
8453 19112 28142
47192 9515
31627
38362 45688
265
618 26981
43862
45803
42858 33041 12576 54801
1318 48889 35530
2948
54878 25717
31839 22384 42809
42701
43457 4510 30437 33076
44865 11175
53315 23275 3755 43123
14795 9693 29765
23666
39761 43328 13894
33136
