colbert Big Baseline 16

================================================================================
TOPK   Queries  MAP      MRR      P@1      P@5      P@10    
================================================================================
5      16       0.1088   0.9375   0.8750   0.7125   0.7125  
10     16       0.1443   0.9375   0.8750   0.7125   0.5500  
20     16       0.1867   0.9375   0.8750   0.7125   0.5500  
25     16       0.1995   0.9375   0.8750   0.7125   0.5500  
40     16       0.2192   0.9375   0.8750   0.7125   0.5500  
50     16       0.2281   0.9375   0.8750   0.7125   0.5500  
80     16       0.2485   0.9375   0.8750   0.7125   0.5500  
100    16       0.2593   0.9375   0.8750   0.7125   0.5500  
150    16       0.2762   0.9375   0.8750   0.7125   0.5500  
180    16       0.2849   0.9375   0.8750   0.7125   0.5500  
200    16       0.2880   0.9375   0.8750   0.7125   0.5500  
250    16       0.2948   0.9375   0.8750   0.7125   0.5500  
400    16       0.3087   0.9375   0.8750   0.7125   0.5500  
500    16       0.3141   0.9375   0.8750   0.7125   0.5500  
1000   16       0.3230   0.9375   0.8750   0.7125   0.5500  
================================================================================


CNN 8 

Dataset 16 

54
============================================================
TOPK   Queries  MAP      MRR      P@1      P@5      P@10    
============================================================
5      16       0.0973   0.9688   0.9375   0.5750   0.4562  
10     16       0.1198   0.9688   0.9375   0.5750   0.4562  
20     16       0.1509   0.9688   0.9375   0.5750   0.4562  
25     16       0.1636   0.9688   0.9375   0.5750   0.4562  
50     16       0.2044   0.9688   0.9375   0.5750   0.4562  
100    16       0.2351   0.9688   0.9375   0.5750   0.4562  
150    16       0.2534   0.9688   0.9375   0.5750   0.4562  
200    16       0.2599   0.9688   0.9375   0.5750   0.4562  
250    16       0.2676   0.9688   0.9375   0.5750   0.4562  
500    16       0.2860   0.9688   0.9375   0.5750   0.4562  
1000   16       0.2975   0.9688   0.9375   0.5750   0.4562  
============================================================



colbert Big Baseline SM


================================================================================
TOPK   Queries  MAP      MRR      P@1      P@5      P@10    
================================================================================
5      5        0.0913   0.8667   0.8000   0.6800   0.6800  
10     5        0.1010   0.8667   0.8000   0.6800   0.4400  
20     5        0.1153   0.8667   0.8000   0.6800   0.4400  
25     5        0.1245   0.8667   0.8000   0.6800   0.4400  
40     5        0.1462   0.8667   0.8000   0.6800   0.4400  
50     5        0.1568   0.8667   0.8000   0.6800   0.4400  
80     5        0.1766   0.8667   0.8000   0.6800   0.4400  
100    5        0.1835   0.8667   0.8000   0.6800   0.4400  
150    5        0.2011   0.8667   0.8000   0.6800   0.4400  
180    5        0.2119   0.8667   0.8000   0.6800   0.4400  
200    5        0.2171   0.8667   0.8000   0.6800   0.4400  
250    5        0.2252   0.8667   0.8000   0.6800   0.4400  
400    5        0.2425   0.8667   0.8000   0.6800   0.4400  
500    5        0.2511   0.8667   0.8000   0.6800   0.4400  
1000   5        0.2590   0.8667   0.8000   0.6800   0.4400  
================================================================================
CNN 8

Dataset SM

56

============================================================
TOPK   Queries  MAP      MRR      P@1      P@5      P@10    
============================================================
5      5        0.0743   1.0000   1.0000   0.6400   0.5600  
10     5        0.1071   1.0000   1.0000   0.6400   0.5600  
20     5        0.1402   1.0000   1.0000   0.6400   0.5600  
25     5        0.1480   1.0000   1.0000   0.6400   0.5600  
50     5        0.1783   1.0000   1.0000   0.6400   0.5600  
100    5        0.2010   1.0000   1.0000   0.6400   0.5600  
150    5        0.2137   1.0000   1.0000   0.6400   0.5600  
200    5        0.2247   1.0000   1.0000   0.6400   0.5600  
250    5        0.2330   1.0000   1.0000   0.6400   0.5600  
500    5        0.2574   1.0000   1.0000   0.6400   0.5600  
1000   5        0.2717   1.0000   1.0000   0.6400   0.5600  
============================================================








colbert Big Baseline 16

================================================================================
TOPK   Queries  MAP      MRR      P@1      P@5      P@10    
================================================================================
5      16       0.1088   0.9375   0.8750   0.7125   0.7125  
10     16       0.1443   0.9375   0.8750   0.7125   0.5500  
20     16       0.1867   0.9375   0.8750   0.7125   0.5500  
25     16       0.1995   0.9375   0.8750   0.7125   0.5500  
40     16       0.2192   0.9375   0.8750   0.7125   0.5500  
50     16       0.2281   0.9375   0.8750   0.7125   0.5500  
80     16       0.2485   0.9375   0.8750   0.7125   0.5500  
100    16       0.2593   0.9375   0.8750   0.7125   0.5500  
150    16       0.2762   0.9375   0.8750   0.7125   0.5500  
180    16       0.2849   0.9375   0.8750   0.7125   0.5500  
200    16       0.2880   0.9375   0.8750   0.7125   0.5500  
250    16       0.2948   0.9375   0.8750   0.7125   0.5500  
400    16       0.3087   0.9375   0.8750   0.7125   0.5500  
500    16       0.3141   0.9375   0.8750   0.7125   0.5500  
1000   16       0.3230   0.9375   0.8750   0.7125   0.5500  
================================================================================


CNN 16

Dataset 16 

44

============================================================
TOPK   Queries  MAP      MRR      P@1      P@5      P@10    
============================================================
5      16       0.0956   0.9583   0.9375   0.5750   0.4875  
10     16       0.1198   0.9583   0.9375   0.5750   0.4875  
20     16       0.1548   0.9583   0.9375   0.5750   0.4875  
25     16       0.1650   0.9583   0.9375   0.5750   0.4875  
50     16       0.2118   0.9583   0.9375   0.5750   0.4875  
100    16       0.2386   0.9583   0.9375   0.5750   0.4875  
150    16       0.2577   0.9583   0.9375   0.5750   0.4875  
200    16       0.2655   0.9583   0.9375   0.5750   0.4875  
250    16       0.2709   0.9583   0.9375   0.5750   0.4875  
500    16       0.2908   0.9583   0.9375   0.5750   0.4875  
1000   16       0.3021   0.9583   0.9375   0.5750   0.4875  
============================================================

45


============================================================
TOPK   Queries  MAP      MRR      P@1      P@5      P@10    
============================================================
5      16       0.0971   0.9583   0.9375   0.5875   0.4937  
10     16       0.1220   0.9583   0.9375   0.5875   0.4937  
20     16       0.1560   0.9583   0.9375   0.5875   0.4937  
25     16       0.1669   0.9583   0.9375   0.5875   0.4937  
50     16       0.2131   0.9583   0.9375   0.5875   0.4937  
100    16       0.2403   0.9583   0.9375   0.5875   0.4937  
150    16       0.2589   0.9583   0.9375   0.5875   0.4937  
200    16       0.2671   0.9583   0.9375   0.5875   0.4937  
250    16       0.2728   0.9583   0.9375   0.5875   0.4937  
500    16       0.2919   0.9583   0.9375   0.5875   0.4937  
1000   16       0.3037   0.9583   0.9375   0.5875   0.4937  
============================================================

51


============================================================
TOPK   Queries  MAP      MRR      P@1      P@5      P@10    
============================================================
5      16       0.0985   0.9500   0.9375   0.6125   0.4813  
10     16       0.1210   0.9500   0.9375   0.6125   0.4813  
20     16       0.1555   0.9500   0.9375   0.6125   0.4813  
25     16       0.1673   0.9500   0.9375   0.6125   0.4813  
50     16       0.2119   0.9500   0.9375   0.6125   0.4813  
100    16       0.2405   0.9500   0.9375   0.6125   0.4813  
150    16       0.2583   0.9500   0.9375   0.6125   0.4813  
200    16       0.2669   0.9500   0.9375   0.6125   0.4813  
250    16       0.2732   0.9500   0.9375   0.6125   0.4813  
500    16       0.2922   0.9500   0.9375   0.6125   0.4813  
1000   16       0.3035   0.9500   0.9375   0.6125   0.4813  
============================================================


55

============================================================
TOPK   Queries  MAP      MRR      P@1      P@5      P@10    
============================================================
5      16       0.0970   0.9583   0.9375   0.6000   0.4688  
10     16       0.1198   0.9583   0.9375   0.6000   0.4688  
20     16       0.1518   0.9583   0.9375   0.6000   0.4688  
25     16       0.1700   0.9583   0.9375   0.6000   0.4688  
50     16       0.2145   0.9583   0.9375   0.6000   0.4688  
100    16       0.2428   0.9583   0.9375   0.6000   0.4688  
150    16       0.2593   0.9583   0.9375   0.6000   0.4688  
200    16       0.2677   0.9583   0.9375   0.6000   0.4688  
250    16       0.2740   0.9583   0.9375   0.6000   0.4688  
500    16       0.2925   0.9583   0.9375   0.6000   0.4688  
1000   16       0.3048   0.9583   0.9375   0.6000   0.4688  
============================================================

colbert Big Baseline SM


================================================================================
TOPK   Queries  MAP      MRR      P@1      P@5      P@10    
================================================================================
5      5        0.0913   0.8667   0.8000   0.6800   0.6800  
10     5        0.1010   0.8667   0.8000   0.6800   0.4400  
20     5        0.1153   0.8667   0.8000   0.6800   0.4400  
25     5        0.1245   0.8667   0.8000   0.6800   0.4400  
40     5        0.1462   0.8667   0.8000   0.6800   0.4400  
50     5        0.1568   0.8667   0.8000   0.6800   0.4400  
80     5        0.1766   0.8667   0.8000   0.6800   0.4400  
100    5        0.1835   0.8667   0.8000   0.6800   0.4400  
150    5        0.2011   0.8667   0.8000   0.6800   0.4400  
180    5        0.2119   0.8667   0.8000   0.6800   0.4400  
200    5        0.2171   0.8667   0.8000   0.6800   0.4400  
250    5        0.2252   0.8667   0.8000   0.6800   0.4400  
400    5        0.2425   0.8667   0.8000   0.6800   0.4400  
500    5        0.2511   0.8667   0.8000   0.6800   0.4400  
1000   5        0.2590   0.8667   0.8000   0.6800   0.4400  
================================================================================

CNN 16

Dataset SM



53

============================================================
TOPK   Queries  MAP      MRR      P@1      P@5      P@10    
============================================================
5      5        0.0777   1.0000   1.0000   0.6800   0.5800  
10     5        0.1057   1.0000   1.0000   0.6800   0.5800  
20     5        0.1355   1.0000   1.0000   0.6800   0.5800  
25     5        0.1496   1.0000   1.0000   0.6800   0.5800  
50     5        0.1775   1.0000   1.0000   0.6800   0.5800  
100    5        0.2035   1.0000   1.0000   0.6800   0.5800  
150    5        0.2185   1.0000   1.0000   0.6800   0.5800  
200    5        0.2284   1.0000   1.0000   0.6800   0.5800  
250    5        0.2338   1.0000   1.0000   0.6800   0.5800  
500    5        0.2588   1.0000   1.0000   0.6800   0.5800  
1000   5        0.2729   1.0000   1.0000   0.6800   0.5800  
============================================================
54

============================================================
TOPK   Queries  MAP      MRR      P@1      P@5      P@10    
============================================================
5      5        0.0790   1.0000   1.0000   0.6800   0.5800  
10     5        0.1068   1.0000   1.0000   0.6800   0.5800  
20     5        0.1353   1.0000   1.0000   0.6800   0.5800  
25     5        0.1505   1.0000   1.0000   0.6800   0.5800  
50     5        0.1783   1.0000   1.0000   0.6800   0.5800  
100    5        0.2044   1.0000   1.0000   0.6800   0.5800  
150    5        0.2194   1.0000   1.0000   0.6800   0.5800  
200    5        0.2283   1.0000   1.0000   0.6800   0.5800  
250    5        0.2355   1.0000   1.0000   0.6800   0.5800  
500    5        0.2602   1.0000   1.0000   0.6800   0.5800  
1000   5        0.2737   1.0000   1.0000   0.6800   0.5800  
============================================================


55 

============================================================
TOPK   Queries  MAP      MRR      P@1      P@5      P@10    
============================================================
5      5        0.0790   1.0000   1.0000   0.6800   0.6000  
10     5        0.1081   1.0000   1.0000   0.6800   0.6000  
20     5        0.1361   1.0000   1.0000   0.6800   0.6000  
25     5        0.1524   1.0000   1.0000   0.6800   0.6000  
50     5        0.1793   1.0000   1.0000   0.6800   0.6000  
100    5        0.2062   1.0000   1.0000   0.6800   0.6000  
150    5        0.2207   1.0000   1.0000   0.6800   0.6000  
200    5        0.2296   1.0000   1.0000   0.6800   0.6000  
250    5        0.2373   1.0000   1.0000   0.6800   0.6000  
500    5        0.2605   1.0000   1.0000   0.6800   0.6000  
1000   5        0.2748   1.0000   1.0000   0.6800   0.6000  
============================================================