116 550 885 996 3752 4522 4657 4993 5131 5352 5544 5633 5645
569 637 980 1223 2561 2846 3595 4137 4835
2149 2927 4007 4193 4224 4521 4818 5533 5603
940 976 1060 1287 2810 3244 3808 4226 4385 4496 4813 5301 5721 5875
1477 1609 1728 2262 3317 3847 4983 5151 5388
2109 2624 3984 4059 4187 4332 4883 4926 5692
609 922 1331 1681 1835 1876 3814 4068 4439 4578
291 458 1191 2218 3490 4666 4815 5161 5624 5900
97 1429 1578 1904 1907 4397 4518 5287 5728
87 329 421 1219 1743 1929 1999 2005 2065 2195 2600 2655 2843 3010 3249 3275 3909 4033 4248 4432 4863 5833 5897
530 968 1726 2145 3205 3442 3791 3877 3883 4127 4765
1423 2902 3145 3805 3854 4051 4513 5014 5172
713 783 909 930 1004 1153 1634 1661 2504 2979 3066 3184 4219 4240 4865 5364 5639 5711 5712
21 880 1187 2103 2196 2355 2769 4170 5372 5562
118 696 1168 1742 1894 2305 2436 2933 5316 5320 5421 5735 5757 5924
117 1021 1216 1986 2160 2206 2425 2919 3498 3817 3873 4066 4939 5319
623 1995 2153 3072 3131 3223 3535 3775 3810 4325 4401 4885 4886 5477 5490 5568 5878
135 194 907 1050 1575 1594 1622 1708 1952 2358 2708 3372 3401 3858 3898 4090 4487 5015 5150 5404 5595 5717
454 1094 1190 1408 2175 3343 4060 5193 5439
175 214 380 492 541 1174 2086 2129 2410 3255 3601 3819 4718 5029 5165
102 303 557 4034 4198 4266 4888 5019 5123 5377 5792
168 944 1011 1521 2851 3027 3121 3135 3707 5591
331 538 546 886 1812 2131 2336 2597 4533 4837
452 1229 2877 3361 4003 4447 4870 4987 5577 5864
645 2506 3181 4073 4503 4617 5260 5262 5590
109 334 644 954 2726 3439 3513 3683 4197 4323 4529 5030 5166 5254 5678 5805
71 709 876 1466 1632 2549 2709 3334 4184 4598 4683 5044
235 262 564 1160 1292 1482 1524 2423 3222 4088 4255 4907
133 716 835 1860 1969 2310 2536 3162 4684 5242 5551 5836
225 847 1655 1854 2329 2653 3242 3382 4874 5679
918 1279 1896 2269 2747 2915 3477 3642 4849 5765
605 1307 1538 2006 2369 2674 2913 3570 4337 5541
325 549 631 1079 1086 1564 1692 1831 2078 2327 2445 2487 2792 3019 3301 4098 4357 4988 5054 5930
1003 1033 1576 2163 2714 2940 3605 4192 4367
86 505 622 652 2886 2969 3300 3852 4161 5084 5714
354 384 1659 1939 2232 2364 2827 3071 3481 3565 4095 4227 5361 5931
529 1179 2053 2084 2401 2456 2712 3152 3331 3980 4702 5162 5198 5742
132 306 364 536 603 860 1730 1960 2286 2368 2833 2995 3378 3675 4359 4452 4852 5371 5666
890 1716 1796 2645 2697 2881 3469 3525 3673 3700 3859 3905 4682 5075 5141 5495 5803
2704 2835 3333 3540 3691 4274 5326 5865 5929
37 531 2098 2684 3081 3103 3717 3950 4130 5197
255 522 1352 1493 1900 2505 3169 3199 3280 4029 4675 5270
88 178 365 1648 2565 2669 2990 3628 4362 5067
29 1301 1470 1612 1773 2017 2093 3461 3584 4814 5194
56 296 750 2686 3787 4011 4877 5559 5838
146 147 665 2496 4015 4071 4083 5132 5269 5467
65 704 1156 2657 3436 3697 3757 3761 5680
141 511 1053 1151 2191 2544 3187 3489 4572 4842 5455
267 1317 1722 1834 2705 2802 2998 3178 3218 3229 3402 3801 4122 4875 5225
498 1573 1680 1694 1777 1869 1883 2501 2740 3579 3597 4341 4494 4789 5013 5776
855 1406 1807 2787 2929 4339 4454 4669 4846 5413
374 551 739 924 1016 2190 2268 2353 2361 2530 2949 3608 3709 3886 4283 4640 4717 4736 5024 5203 5446 5522 5879
339 372 686 893 1067 1685 2236 2294 3198 3516 3669 4400 4575 4582 4677 4761 5071 5100 5353 5458 5932
657 1059 1277 1845 2198 3026 3568 4001 4101 4878 4914 5655
314 425 2127 2161 3720 3865 4673 4862 5515 5862
1414 1947 2038 3096 3320 3546 4069 4857 5535 5763
70 694 732 1459 2541 2566 2635 2837 3089 3983 3996 4468 4548 4713 4919 5870 5880
1536 2197 3212 3279 3839 3906 4560 4723 5137 5264
247 898 1163 1599 1918 3210 3681 3850 4969 5040 5265 5451 5485
391 494 610 691 1142 1398 1523 1985 2678 3017 3531 3549 3896 3915 4181 4908 5025 5957
509 1274 1455 1583 1912 2399 2523 2643 2785 3476 3912 4046 5085 5844
427 844 2773 2807 2844 3154 3385 4298 4335 4435 4590 4882 5072 5160 5583 5889
161 2169 2548 2814 3002 3163 4035 4172 4315 4580 4796
82 1552 1789 1866 2088 2611 3833 4149 4477 5011 5068 5598
503 1078 1114 1638 1687 1990 3440 3510 3624 4568 5288 5617
615 634 811 897 938 1102 1522 1901 1926 2089 2448 2679 3254 3286 3345 3393 3541 4331 4553 5042 5670
13 389 646 1641 1858 3137 4121 4594 5534
415 850 1203 1325 1518 1656 2297 2428 2492 3573 4043 4838 4898
718 803 1214 1358 2348 2945 3038 3134 5286
157 399 839 1270 2981 3648 4530 4539 4762
453 1646 2289 2727 2774 3467 4644 4791 4943 5384
220 869 1137 1660 1756 1803 2513 3561 4210 4502 4648 4893
842 1197 1492 1600 2377 2507 2889 3190 3233 3594
956 1865 1911 2911 3039 3964 4346 4573 5007
929 1293 2746 2971 4238 4303 4409 5273 5481
722 1242 1326 2415 2540 3744 4055 4166 4383
320 674 1486 1587 2799 4040 4327 4457 4953
238 730 995 2872 2893 3454 3542 4180 5392
357 611 767 942 1967 2375 3360 3916 3999 4244 4250 4384 4967 5760
565 633 679 784 797 800 910 2693 3204 4790 4996 5171
1235 2277 2319 3030 3080 3786 5400 5725 5945
1345 1788 1968 2574 3457 3554 3585 5272 5794
216 1581 1699 1973 2806 4308 4442 5438 5489
43 1267 1542 1895 1930 2281 2599 4571 4944 5063 5548
67 840 872 1213 1248 4395 4437 4540 4986 5339 5502 5687 5699
219 295 1677 1701 1849 3000 3142 3419 3795 3798 5365 5411 5632 5756
292 1390 1932 2370 3592 3728 4299 4808 5630
253 946 1017 1249 1881 2254 2440 5453 5609 5749
23 234 548 1770 3172 3612 3617 4017 4374 4639 5406 5700
870 1679 2407 2692 3263 3274 3939 4350 5516
32 95 1306 1879 3022 4506 4938 5059 5493
635 1302 1481 1927 2326 2332 2443 2466 3492 3537 3580 5450 5554 5848 5949
667 867 1688 1821 1977 2416 3007 3264 3770 5297
824 1427 1695 2373 2535 2783 3173 3394 4080
271 586 955 1105 1605 1617 2387 2396 2570 2766 4354 4456 5874
1165 1562 2414 2465 2984 2991 4426 5115 5634
64 490 639 1121 1131 1780 3543 4133 5418
1808 1846 2731 3708 4864 4873 4932 5031 5145 5436
572 977 1057 1378 3340 4295 4391 4829 4859 4999 5706
304 864 1568 2578 2841 3749 4904 5350 5910
814 1360 2357 2772 2895 3874 5363 5407 5755
721 1549 1709 2335 2393 2884 3897 4499 5285
33 347 715 775 974 1389 1793 2247 4462 4689 5325 5422 5478
152 180 772 1218 2054 2823 3438 4189 5448
230 293 501 662 1798 2672 3146 3316 3807 4968
212 383 576 1371 1649 2703 3646 3742 3756 5465
782 792 1507 2010 2602 3379 3633 4024 4086 4108
25 63 1240 2430 2586 3011 3055 4145 4805 5376
660 664 913 2311 3230 3349 4053 5230 5298
10 158 943 1484 1669 2008 2660 4056 4185 5329
433 580 746 1125 1833 3014 3119 3354 4720
164 280 341 966 1909 2028 2743 3677 5732
896 2666 2738 3347 4082 4949 5258 5263 5409
863 883 1698 1720 1729 1750 2204 2500 2870 3404 4119 4532 4600
912 978 1066 1226 1418 2112 2142 2559 3100 4672 5425
328 363 744 947 1346 1721 1889 1913 3464 3706 4247 4466 5057 5466
316 1891 1945 2055 2366 2382 3202 3228 3400 3431 4901 5524 5963
324 446 841 2077 2437 2668 2711 2952 3704 3835 4063 4075
592 1073 1155 1859 2147 2244 2685 2723 3266 4396 4627 4699 4728 5383 5911
523 2564 2583 3463 3773 4228 4273 4766 5312 5382
6 1469 2313 4262 4364 5095 5178 5626 5667
130 143 724 1245 1462 2542 3701 3736 3993 4207 4237 4855
493 895 1104 1133 2227 3267 3466 4403 4831 5321 5328 5359
2803 2962 3082 3284 3356 3367 4563 4825 5112 5154 5513
763 1376 1667 2589 2753 2982 3392 4268 5045 5167 5349
1119 1619 2211 3272 3447 4269 5051 5220 5461
1175 1181 1980 1987 2025 2178 2516 3871 5442 5825
701 1937 2764 2838 3532 3650 3699 4834 5871
69 779 1783 1794 1951 2045 2808 3180 4663 5157
96 430 868 1323 1706 2180 3065 3312 3844 4152 4195 5445
698 754 1616 1631 2076 2707 3577 3651 4072 5537 5570 5859
281 1754 2022 2029 2735 2932 3143 3992 4707
114 987 1620 1875 2362 2470 2896 3330 4044 5216
395 467 1611 1816 2105 3219 3750 4554 5563 5594
156 426 1112 2231 2256 3258 4100 4917 5816
115 726 1243 1772 2158 3097 3159 3917 4267 4668 5248 5449 5891
166 653 889 1311 2085 2371 2605 2888 3248 3395 4054 4214 4623 5156 5432 5459 5707
742 865 1372 2033 2115 4074 4823 5357 5656
381 802 1296 2159 2162 3214 3299 4336 4933
66 2003 2134 3389 3563 3860 4404 4678 5415
720 1764 2337 2345 3593 3934 5380 5405 5638
239 780 1404 1830 2096 3090 4232 4631 4836
351 1103 1305 1401 2644 2715 4376 4916 5307
126 672 1013 1916 2104 2411 3508 4304 4490 4690 5241 5622 5916
134 828 1391 1533 1643 2438 3553 5640 5905
706 1366 1452 1554 2420 2656 2821 2909 3051 3054 3171 3733 4171 4481 4619 4655 5322 5636 5715 5770
200 470 823 1461 1563 1745 1997 2009 2468 3337 3977 5452
122 128 1120 1211 1868 2510 3324 5579 5917
203 317 656 888 1979 2245 3073 3882 5547 5564
337 461 599 787 983 1839 2034 2291 2374 4569 5399
456 1225 1333 1621 2264 2867 3004 3353 3793 5909
68 658 1081 1861 2114 3836 4371 4876 5511 5593
301 1532 2547 2954 3755 4160 4715 4963 5934
1993 2699 2778 3012 3078 3409 4324 4962 5096 5525
22 1710 2152 2322 2481 2537 3250 3329 3659 3703 3815 4144
594 1940 2000 2409 3111 3529 3753 4022 4023 5139
119 491 1080 1132 1705 2768 3827 4777 5299 5586
49 524 617 618 919 1299 1608 2212 2265 2691 2864 3526 3688 4245 4286
961 992 1007 1009 1144 1483 2418 3606 4249 4992
94 1252 1286 2177 3310 4647 4959 5818 5884 5898 5937 5943
707 1373 1511 1790 2665 3451 3838 3895 4124 4129 4778 5081 5690
297 335 693 1485 1604 1964 3034 3961 4441 5729
1365 1478 2095 2097 2432 2616 2636 3053 3522 3816 4084 4470 4721 5433 5646
123 1206 1693 2272 2325 2603 3658 4380 4480 5826
806 1063 1196 1320 2490 2786 3676 3945 3972
144 416 582 1707 2560 3006 3596 5196 5236
327 1553 2296 2700 3598 3893 3902 4027 5164 5195 5904
