3442 4232 4926 4933 7187 7510 13277 23010
8938 16193 16725 18745 19661 21290
521 947 8932 9371 10166 12495 21412
503 2340 3723 4168 15281 18559 19072 20389 20985 21842 22701 23111 23151
5590 6085 8530 13128 21202 21895
1176 4038 4179 5346 8621 11183 21576 23718
8236 9340 9719 12200 13728 15879
5905 8151 8341 11632 18515 19695 20564
7740 9797 10301 15188 20707 22749
3264 4362 10138 10962 13043 14321 14759 20604
6099 11887 12077 17203 17469 19308 21088
4421 11460 15778 17946 19043 19770
2430 2675 4115 5025 10686 11718 14692 16944 19761
8823 12054 16478 17154 17275 18551 19707 22633 22981
3626 5553 13021 17849 21701 23085
1316 4550 6975 10088 15896 21005
10793 13763 15269 16360 16647 17140 18178
3972 4105 4382 5259 11571 13364 15522 17285 17950 18413 19684 21646 23493 24143
1040 2601 3905 9231 17054 19557
6016 6547 7002 9369 13658 15713 20356 21052 22040
14715 18112 18548 18735 19831 21054 23436
6853 15644 17204 20597 21606 22894
233 1688 2488 5156 6138 9711 18061 19385
1943 5751 7201 9878 12184 13803
9980 12585 13717 18320 20529 21299 22987 23947
8632 10935 16361 16633 17138 17744 19974 20140 23375
2571 3908 5426 6834 7350 7560 15555 16668 18158 18786
2197 7084 8578 11797 13789 18943 20799 22300
1124 6461 6517 10294 11408 18525
1282 1953 4922 9207 14307 19119 19690 21111 23069 24238
324 769 14082 14943 18487 21157
1358 2193 4164 12029 12728 14251
2192 4534 5424 8694 17223 24372
1677 3324 10495 18288 21449 21768
432 5811 6424 7696 7701 17981 18538 21610 23535
383 1404 1824 5001 7050 7812 8116 8150 8412 9046 10814 11048 11696 12384 13381 13501 16011 16548 17375 18128 19902 23930 24225
258 2400 8742 13373 14512 16718 18152 20638
12470 14322 16069 16538 16740 18777 24516
2254 4064 6996 8799 13191 14103 15494 15841 15870 16893 19494
1628 3748 6767 12978 16643 18980 19120
13322 17910 18441 20098 21219 22723
2475 9546 15011 17168 19048 21578 22349
3236 5510 11975 14407 16868 22567
5786 11949 12932 15515 15735 16602 18509 20505 21164
3032 3288 3829 3935 4200 4783 6664 6757 10418 12290 12593 13092 17247 17337 19907 21914 23138 23468 23469
90 3697 4913 8602 9052 9791 11443 17076 21951 22809
510 2959 4849 7041 7641 9571 10148 12085 21708 21740 22161 23553 23656 24365
1305 7825 10845 15942 16223 21300 22793
10344 13697 14213 14885 14930 21424
4121 7880 14150 15231 18165 23100
7349 10328 11719 15528 22576 23463
7949 11439 13334 14314 14720 17549 18313
507 4281 4990 8062 8886 9114 10112 12010 14327 15563 15828 16651 20196 21734
7179 13512 15800 16366 17339 20820 21342 24217
2306 5231 5768 11200 12502 17757 22624 22938
3468 9964 12574 16365 20366 21950 23737 23744
2641 8111 8855 12636 12881 13284 14483 15413 15531 17711 17988 19983 19985 22406 22450 22832 24152
1236 10145 15311 15913 18397 23011
573 838 3812 4356 6412 6470 6608 6942 7916 9831 11216 13879 13963 15766 15937 16751 18376 20507 21045 22103 22953 23473
5394 11082 12559 19082 19793 20199
4245 6574 15323 15949 17450 22119
302 5348 6558 10253 10846 22116 22913
3199 4480 6777 9498 15487 17941 19427
1936 4493 4917 5719 8939 13757 16639 21235 22234
2886 5311 7217 10262 13878 16873 20214
758 900 1658 2097 2314 4866 8518 8734 10037 13406 14718 15576 19314 20549 21136
451 1314 2390 16557 17187 17477 20009 20514 20946 21970 23725
10369 11855 13015 13366 13991 16341 24459
1723 7122 7253 7758 18299 20242
730 3980 4239 6177 11738 12435 12845 12894 15088 22910
1398 5381 12846 14236 16632 17392
620 2043 3341 10052 11042 19766 20233
1414 2295 2330 3727 7293 8740 9694 10808 18610 19776
5940 7940 9970 12458 14805 18186 21144 22137
1192 4286 4810 8691 9448 11316 21818
16202 16642 17975 23856 23953 24410
249 771 5693 6119 6828 8237
1932 5043 11852 13830 16458 18196 19920 20370 22871 24087
2713 10429 13081 16684 18462 18935 21503 21513 22908
479 1421 2705 4012 11278 14092 14387 15000 17185 17702 18574 20550 21138 21478 23326 23783
306 3018 3666 5965 6651 10639 11227 13725 17124 18862 19178 20609
1022 1155 2411 4812 5279 6053 6182 10091 13275 16747 17414 20067
1067 1475 3775 9295 16976 22112
9789 11098 16506 20722 22946 23900
567 3041 3531 7461 7985 9584 10566 12984 19179 21451 22743 23948
946 3559 6742 7427 9648 11031 13358 13909 19931 23331
1193 2247 5725 7047 9039 10666 20697
1225 5012 7464 9721 16213 19511 21011 23915
3888 5232 7660 9399 11369 11988 14271 14859 19820 23671
1245 1413 4386 9009 10049 19224
1030 5023 5269 5968 8397 19389 21798 23078
2551 5324 6250 8153 9867 11121 11982 14615 17765 22684
3945 10831 11433 15137 18651 20590 21665
1396 2337 2656 4446 4464 6376 6880 7344 8463 9645 10188 10367 11513 12408 13617 16785 17834 20372 20636 24397
4198 4308 6413 8894 11241 12111 14738 17153 17878
2020 6919 8309 16007 16622 18947
377 748 2848 9858 16426 18179 21556 22535
381 2179 2632 2744 11885 12255 13615 15730 17038 20773 23470
466 3511 11168 12232 14017 16481 24246
9667 12526 19725 20874 21966 24158
1743 6781 9345 10218 17173 17265 21043
1683 3101 4746 5447 7473 17080
1504 1685 6747 7841 9264 9857 11647 12621 14284 14595 16768 17286 21885 24402
3057 8884 13715 15071 19806 21179 22971
2253 4877 8343 8490 10017 10237 11240 12949 13723 16346 19253 21126 21267 23581
2123 8493 10534 15911 18087 19039 20930
2564 3078 7885 8678 8901 17640 19001 19487
565 1324 1541 2293 2547 3602 7014 7950 9466 9864 11676 12353 13897 14981 17843 18217 19837 21946 23268
2560 9531 13130 16444 21165 21944 23895
3739 6976 7242 11019 11188 11873 14238 14425 14972 15052 15768 15993 19175 20744 21026 22473 23772
11199 11679 13724 14499 15020 17508 21758 24095 24396
1409 2136 2835 5537 6130 17432 21938
182 2266 8581 11148 12675 12759 15114 16198 16903 21264
1120 2225 5484 6096 7685 10427 13028 13169 13532 16533 19146 21541
3989 6417 7087 16303 17385 22764 23125
4874 11010 12739 18714 19157 22445
387 772 1547 6715 10698 11096 12333 14818 17857 20693
146 5307 5979 6556 7146 8188 8540 14191 14648 19686 21238
442 5098 10165 10565 12113 15230
2726 5730 16777 18014 20402 23088
1680 11074 11383 14454 18443 20610
267 1292 3182 11157 15484 16489 19948 22790 23957
4680 7092 11707 12422 13451 20738 22257 22744
491 4641 7715 10922 18024 23582
948 3151 4444 6758 7924 8431
617 619 2815 10392 16495 16676 16719 20994 21538 22382
291 2991 4795 11054 14078 15041 15307 15327 23337
3453 7220 10353 12752 16027 23738
5535 7796 9056 15751 20265 23361
596 2189 4364 4779 9033 10621 13112 14299 18766 19787 22311
1102 8989 10993 15215 15290 19867
1703 2492 12230 18077 20193 21616
1195 5366 6990 7348 11202 11550 12356 13076 13251 13312 13966 15512 16879 19933 21384
7315 7810 11127 11687 13363 15721 22054
2145 6407 6833 6887 7158 7499 7600 10403 11330 14636 14703 17780 18399 19553 20503 23696
3584 5712 7283 11494 12064 17771 18222 19123 19807 22127
4823 9280 10647 11277 15535 22637
525 690 4893 11514 12603 15419 20128 24064
4483 7336 8429 17013 21862 24355
1623 2344 3146 3917 4255 9026 9391 9785 9849 10543 12176 14745 15096 15893 17561 19020 19305 19380 20539 21284 22273 22582 24153
10456 13904 17763 19692 19973 22931
3679 9675 11702 13611 15910 23386
1443 1611 2897 3754 4416 6861 9273 9510 13168 14398 14966 17987 18770 18801 19160 19489 20732 20853 21844 22338 24403
7215 10240 17190 18243 20847 23177
10822 16234 17859 22753 23584 23766 23841
2787 4381 5228 7388 9072 12428 14606 16453 16797 19950 20091 23192
1353 1837 8728 8888 15132 15806 19126 19887 22561 24067
204 1232 3494 10553 10805 19071 19642 19840
5747 7894 8273 12738 13665 14540 16674 19868 22671 23670
228 1119 3968 8852 10494 11482 12284
7505 8587 11904 12537 17122 17686 17992
303 2949 3131 5952 10617 10700 10978 11683 12701 16354 16421 18272 18692 19295 20121 24134 24156
6240 9070 13218 13526 15676 15997 18724 19328 21008 21523
1086 3772 4828 6497 7756 13206 14997 15724 20315 20594 21527 22298 22431
166 1310 2854 4748 15073 19283
1530 1640 8456 11037 16084 19800
1721 2103 2576 2918 4753 5676 6180 8060 11129 12407 14452 14545 15927 16047 17117 20076 20542 24501
2187 5219 5938 6440 7730 10012 10507 11015 11488 14267 16022 16587 20778 23976
1847 3554 11450 11561 11700 12954 13919 17617 17752 18134 18829 19968 20735 21109 22891 24199
2015 8648 13031 19622 20189 21119
8723 11579 13856 15058 17149 20386 20519
1918 2016 8832 14148 15592 17188 21831
702 8920 10634 11595 12359 12990 16564 17091 17685 18796 19593
361 6326 7200 7483 8523 10863 15641 17005 18323 20499 20701 22957
2169 4445 4613 6674 6865 8084 14102 14379 14810 18739 21613 23039
7516 10529 14220 15348 21319 22319 22969
2121 8355 14159 16356 16460 19078 20314 22353
5181 5647 8160 11836 22314 23054
2604 2669 3414 3770 3970 4563 6179 7687 7795 8526 10209 11130 13403 13561 13769 13935 14514 17736 18707 20596 23291
1550 7573 17132 18768 22308 23733
62 1715 2721 6680 7449 12903 16878 18840 22653
1806 3563 4960 5403 6172 6743 9521 10125 10385 14617 16580 19778 20036
504 1265 6217 11203 14769 19633 23072
3046 3389 4983 5509 9762 12151 12485 12893 21608
4488 11006 12414 12869 17160 17990 18001
678 1750 3538 5210 12294 14894 18577 18636 19492
1934 6705 9468 11286 11451 14233 19047 19559 20215 22015
11693 12347 18494 18722 20703 22925
926 3638 4740 6748 7078 7273 10468 14578 17230 18453 19054 20023
2401 4435 6395 13629 17656 18819 18876 23248
1813 9976 11283 20974 22163 23168
3551 4936 6093 6499 9914 10431 11894 13116 13329 14682
713 962 4797 14705 15894 17930 19058 24384
4019 7482 7725 11979 12491 16271 17808 18767 20471
3928 5289 11366 12259 17331 17633 18032 21560 22422
3080 5083 5406 10044 10606 15242 16618 17055 17944
2451 10251 11969 16814 17050 20385
6256 11166 13171 13600 16337 17101 21397 24364
9688 11423 13151 14339 14843 20490
1382 2858 6073 6451 11536 16574 17725 18235 20247
3990 4185 11041 13915 16288 20929
1501 17472 17667 18464 20280 24303
2983 3599 9619 12372 17492 18728 22948
333 4642 5943 10960 11502 12927 16035 21001
9057 11249 11559 17708 22940 23615
1043 3122 4159 11829 11914 14163 14515 17112 22049
1506 2580 3240 3974 7973 9907 13826 16050 16443 17350 17386 17949 20306 23661
2416 2667 2870 3304 3348 3371 3833 11173 13185 19554 20408 21163
2 123 718 1835 18495 18894 20146
5061 9442 9606 12452 12674 15476 22084 23515 24450
158 1296 6646 17890 19784 20938 23655
4662 9816 14796 15573 21153 22996 22998
5473 7199 7978 10718 14177 14561 14650 21553 23728
7909 14268 15591 15697 16736 17677 19284
911 6438 6909 8011 11560 17654 18174 22231 22444
3103 7352 8822 9847 12521 17836 19233 19556
330 742 5462 10854 15712 17215 19413
203 5184 6262 7645 7814 9451 10812 18763 20217 20680 22726
294 3540 3651 4981 5105 17977 18144 18637 20363 21802 22502 23362 23394
3524 13911 16237 17735 17925 22207
917 1290 6824 6924 7398 12358 12925 14008 15498 15507 21917 22125 23101 23641
1284 5646 7820 9868 14661 15153 17618 19659 23095
3800 5485 10146 16399 19470 20715 23637
3303 3827 6877 8433 12104 17715 21636
6906 8328 10003 10813 12095 16100 17180 23107
1116 3986 4259 5106 7586 9347 10174 22307 23015 23602
84 1139 13527 20977 22715 23061
72 5492 11206 20163 23315 24191
104 1020 2336 7131 13048 14766 14777 16498 17905 19019 22109 23408
1096 1913 9043 11418 12805 12898 13569 18383
140 4752 12472 17342 21241 24082
299 4761 6094 7362 10547 18965 20114 23714
3642 6832 10032 11169 13428 13497 16157 17817 22564
301 2296 2572 2593 10110 12705 21602 23609
3793 5055 6501 17593 18461 22094 24492
279 892 9590 13228 14262 15675 16680 21688
1690 7259 9852 10378 13908 16454 20551 22009
198 2113 12813 13669 14586 15640 15779
159 420 5318 7578 12413 18477 20194 20667 22468
2673 5309 6049 7800 9642 9653 10180 10273 14310 14487 14640 22294 22754 24001 24465
2839 10867 14876 16936 18620 19773 24023
2577 3685 8521 10656 12107 23355
3003 3484 7911 16201 18873 19181 21337
10152 14551 17575 19315 19819 22914
995 2267 3347 3528 6484 18247
2821 3630 6866 7316 8030 10045 12374 13436 15391 21637
6274 8747 11929 18303 20502 22656
287 4547 13794 18547 18688 21373
3462 5809 6891 9885 10564 11483 13049 13944 16702
1408 4978 8838 13467 20133 20258 22401 23663
4486 4567 4928 5876 13520 15169 17129 23405
4162 5627 6987 9663 14323 15647 22469
1085 4592 6167 14760 17953 20339
58 5472 8467 9478 12874 24154
445 872 4333 8659 14800 16836 17412
1218 2504 4017 4577 6536 6596 9957 9981 10709 11434 17824 18227 24142
4412 9298 9402 9533 10179 10716 14296
6712 9967 12771 12787 14437 19422 19654 22901
4833 6367 10042 10271 12303 12335 18107 20911 23114
2203 2233 6686 16961 22720 23351 23883
7718 8591 11765 14491 15022 16788 17493
468 3104 6658 7650 16491 16812
289 2086 2679 4667 4708 7168 14528 16918 22146
1359 11143 16329 19651 21924 23850
2980 4248 12676 13125 15051 20849
4040 5888 6090 11928 19398 20556
7285 7394 11301 15095 19905 19928 20166 20561 21038 22220
7828 9517 11137 15006 20260 23863
2445 4111 4376 5592 13752 17608 17972 19744 19881 20421 23431
2515 4886 7733 13410 13906 15165 18909
1321 3614 6390 10724 11694 15259 20063 21837 24293
4165 5464 5495 9105 9433 16113 16970 22327
3425 5520 9824 11449 11915 15829 21913 22113 23636
3070 6316 6944 9692 9977 11882 15928 18436 21598
167 1476 3040 3258 4088 5645 7222 9327 18244 19190 21754 22167 22416
2916 3690 4636 13995 22985 23348 23741
9856 11153 11664 12087 17869 20620 23266
3031 8357 9644 15758 17282 19403
2268 4116 5839 10596 12620 16290 17241 20637
96 6657 11140 11537 19000 24016
6900 11815 14577 15332 21962 22156
2506 5432 8665 15346 16355 18271
5135 13142 15481 18492 20002 23786
654 776 3256 4997 8348 11620 14086 17144 22286
979 1285 2160 2807 7246 11112 12934 13656 15520 20311
3025 7063 8657 17698 18352 20543
895 1679 2456 5563 6719 11198 14887 15239 15297 22373
6465 8536 12392 12679 16830 16951
1807 1809 7521 9690 11170 18259 22763
3287 3332 6127 8166 10824 13901 14835 16511 16735 16838
122 288 5073 10129 10747 12390 12548 16989 19646 21965
2842 8218 13332 14841 16924 19007 19536 20355
2800 2813 3846 9592 13323 13786 16614 21396 21639
3654 10500 11860 16610 18467 21293
50 684 3978 6059 6800 8157 11065 16621 17128 21763
10509 16558 20169 20867 23328 23346
3049 3490 4994 5332 8874 15755 16644
3402 5773 8848 12810 18167 19680
5923 7760 7811 16756 17507 23984
1227 4509 5404 9132 10635 12500
790 1478 7139 7590 10995 17008
1033 2806 8385 9525 9710 21456
1179 3604 5530 9436 18153 20619
3165 4363 7233 9477 13138 19243 21183
1871 2464 3173 4679 7346 12399 12842 13796 19321
971 2356 8861 9172 14153 16241
10314 10488 15250 19705 20016 22370 24285
364 1713 3004 7213 9491 10108
3117 4276 15066 16699 18449 19312 20081
2910 5171 17947 19249 21440 21499
2321 11827 12570 16179 17116 17489
128 6740 7015 10800 14685 17240 22195
7767 8391 14448 17447 18460 23338
2662 4579 4902 8719 8864 24404
707 1248 1458 4055 7712 8242 11345 14992 23547
3482 7375 12058 12913 14790 21976
4033 11044 13249 14331 14624 17806
1392 15503 15790 16672 19459 19589 23040
5787 7424 12650 13161 19575 22259
2929 5006 7702 12074 16844 22418 22867
2900 12004 13593 15698 18625 19984
3767 11087 11313 13779 16706 20235 21487 21522 22117
594 2979 3132 9764 12580 14231 15691 24239
805 3471 4803 13953 17459 24408
3612 3716 6903 6986 7008 7068 9103 10398 11828 13974 16877 18596 18865
1589 1608 1962 5562 6529 11107 19111
10379 12148 14341 15935 20668 21949
3845 4113 4411 5035 5763 8640 8783 10683 12747 19125 22178
239 8795 13802 15401 15900 16357
8050 10084 12657 15924 16051 16933 21459
187 2261 2879 4993 7561 7809 12093 23571
558 1864 3624 6368 7046 10832 14788 22950
40 3421 5092 9439 12206 15908 21317 22967
1400 1539 3170 3988 5474 6989 7620 7735 14219 15083 17363 18269 20655 22376
1362 7632 7882 8349 9861 9935 13176 13310 13958 14055 20048 22591 24513
3708 4702 13714 20910 21865 21882
6092 6656 11409 12616 17330 18932
217 5734 7748 18362 19301 21851
1393 1919 3546 8461 10157 11093 11229 12202 15074 15652 16648 16686
2637 9343 10578 15561 16455 19109 19911 21537
2522 4431 4793 7454 8806 9315 11155 11269 13460 17980 18977 19235 19341 22012 24299
2227 10693 10737 14212 15400 17287 17504 19498 21693 22001
30 5977 9596 17458 17865 20816 21170 23076 23281
3509 9613 23070 23284 23926 24136
3415 3487 10066 12567 13407 19466
550 603 3087 5094 5957 10618 15054 15206 16398 17211 17324 19855
14622 16568 20064 20344 20353 20554
33 465 6512 11924 14951 14977 15787 18749
2102 3766 4573 4722 9247 13466 14228 17995 19755 21744 21762 21873
1662 7886 8670 8826 16281 21879 21980
11551 12235 12677 13551 13810 13865 18731 19724 20904 21069 22557
5470 6121 12946 14062 21846 22650 23031
2778 7926 11772 14218 17586 18021
7887 15544 16110 18830 22638 23354 23532
4180 4359 9996 10193 10250 13673 14096
7663 12181 12182 13620 15108 16403 22420
3219 5582 6774 10763 11389 12298 13929 17479 20615 21146 21835
431 12243 14099 14655 14732 16450 23686
4492 13325 13677 14549 23316 24461
4656 6600 9160 13482 14130 17486 20628 21356 22359
4869 4887 8042 8071 8223 8953 10487 15822 22250 23903
3089 4786 5108 6673 7984 21992 24040
2229 8261 11864 11941 14569 24261
2982 7835 11426 11685 14457 14902 15049 19759 24138
298 3274 7178 7223 7914 8299 11563 13078 19103 21096
1472 4769 5319 7486 13464 19222
4215 8677 9827 13831 17727 18439
2597 9079 13263 15931 17276 22537 24391
1564 2244 11441 14146 18002 20612 22248
825 3918 6060 10849 21563 23896
120 3807 11319 18588 18795 19943 23978
2857 5056 7568 11759 15149 16520 17442
1207 4326 4966 12715 13190 17340 21105 24233
4230 5458 6784 12651 19497 21118 22262
1675 8402 12796 13264 16502 20821
430 1863 3634 5398 6936 8973 12591 13646 15699 17015 17159 22268
1034 5617 16842 16929 20037 21967
535 7399 10122 10475 14243 17706 18820 20915
610 627 1695 6430 9844 10908 14405 17293
2055 2138 13557 16164 21414 23757
2631 3196 3212 7269 8653 13982 14644
200 914 1766 8022 14319 20203
4985 5895 13154 17884 19986 20010 21279
2974 3195 6591 6640 8455 11214 14625 14905 16679 22677 22839 24059
3349 6535 6582 9324 12160 12848
345 9804 11520 20332 20671 22415
961 4929 7744 8407 14237 14786 21341
3718 5981 6346 8820 14135 14308 21896
648 1399 8688 17457 18116 22101 24441
501 7032 14658 18756 21106 23759
2668 6354 6389 10051 11803 18053
5249 6267 8794 18915 20793 23171
2715 4709 12146 14582 20360 21048 22448
907 6422 7826 10449 10795 16344
716 7296 9955 10976 12664 17037 17381
260 10416 11791 12033 18350 19613
2939 3623 5584 21625 21630 23267 23507
1779 2674 3561 12469 14306 14456 22523 22813
1062 2278 2677 6481 13764 13845 21055 22598
816 7779 9736 11089 11931 13335 15722 19439
346 3936 12744 16203 17820 23416
1784 2670 4141 15251 16565 20868
6399 7042 7271 11589 16138 23774
1430 3465 8998 18576 19830 23834
213 2221 5772 10020 18681 19749
819 7534 9892 13252 17520 20924
1125 10292 11197 12126 12442 12735 20613 23430
1251 7075 8208 8244 11306 12083 12926 16395 19272
4072 6035 8786 12823 14529 14812 21426
1776 4457 4533 6672 11927 13863 13993
2967 4895 5290 6524 9715 14346 16767 16832
494 4140 6603 7556 9851 10299 11922 13722 16586 21334
7883 9362 11463 11552 12804 18456 18614 22044
7064 9127 13202 14050 14097 14850 16488
486 7077 8285 16667 16669 20784
4268 8100 11114 11385 14826 17892 17934 19918
9920 12552 13239 16078 18073 24247
53 4535 7167 18218 20411 23838
3491 4407 11133 13643 18887 22616 24308
1455 14356 18407 19583 22569 24088
953 2349 4491 11280 11604 12582 17092
1881 4112 7096 13749 22291 24502
1740 1990 6551 7302 8614 13257 15263 18713 22817 22936
778 2771 6067 13005 13855 23680
2484 8812 10523 11734 13734 14390 17729
2764 4068 9542 14793 21714 24148 24289
1702 2606 3121 10855 12590 19122
1852 15983 17026 17525 18891 19087
10325 10546 11342 11608 14266 18701
1237 1432 4882 14940 18309 24283
665 1844 4600 9256 9351 13420 16796 20107 23844
495 3093 5084 7136 8877 12741 12973 16057 17478 19121 21463 22293 24205
2069 2232 3941 5837 9274 10031 17737 22371
2892 5894 11236 12980 20917 24186
1427 4046 6100 20369 20466 22888
2153 6188 8186 8854 9450 18561 20954
715 2748 3734 5347 8513 9871 10836 11889 13378 13946 16617 17235 18961 21073 22211 22345 23437
731 3422 8553 8720 15287 19535
836 8946 11195 11787 16905 22886 23954
3083 8004 8839 10256 12075 16436 18474 20396
2496 4635 4749 6518 7384 20786
483 4062 6381 7429 12818 17177
9428 10242 10880 11220 11519 11895 14937 16074
3166 3616 5566 8255 8649 16685 19721 21856 23193
2598 2819 10331 10860 15843 21995
1659 3382 5296 8879 8892 13227 13608 17761 20168
292 8146 8759 13925 14592 15769 18004 19164 22141
3061 7111 9698 9731 14674 16147 21983 22105 23133
2084 3076 6197 6307 7921 10298 13973
1044 3283 5697 7340 8570 12707 17304 18988 19764
223 2644 8365 8712 15744 17485
3500 4380 4968 12503 14616 21922
1494 4566 5316 5689 11017 11242 17914 20103 21672
2056 2622 6578 13541 18333 19866 20074
536 2850 4246 7747 8605 10038 14357 17642 18389 19196 21448 23066 24331
1500 1922 12239 18387 20024 23413
572 3476 5648 6235 6688 10164 14559 23139 24258
3000 5546 5926 6329 10077 11053 11618 11968 12540 12546 13032 15185 17078 18345 18944 19069 21746 23126 23472 23679
5328 7048 7517 7541 10811 17420 20513 23065
858 1994 3458 5956 6373 7052 8113 8164 10280 13738 16334 22305
520 540 4660 4977 7498 10465 13690 22882 24340
7870 18161 20262 21331 22463 23094
869 1365 2773 3729 8041 9318 12638 15867 22711 22821
1437 9770 10972 14477 17893 24279
1429 1959 2536 3316 4134 7377 8256 9499 9890 18747 22080
727 909 5921 12987 14853 17734 19077
580 1951 7090 7312 13513 15475 17409 22271
1946 5033 5430 6607 9376 11818 12363 13791 15497 24291
1686 7900 11805 15446 18205 19270
4249 14012 14746 18957 19271 24047
12387 13304 15477 19191 19337 21968
297 2789 4453 7466 8645 15654 17898 19940 22547 22922
6210 9865 12397 17632 22484 23732
4280 7161 9685 10885 11533 17939
1093 4091 6782 7790 11348 20027 24061
1301 6231 10626 12211 15291 17034 19300 20298 24405
8099 11193 11475 12391 12665 13981 17703 20296 20817 22599
6542 11674 17302 17609 17922 19296 19451 20240
3964 4462 6534 7615 11258 14973 21812
2638 3757 4727 10008 13318 16423 16628 22472
1024 1235 6247 8552 19278 23146
4481 5260 5713 12156 14158 15848 24120
3296 12527 16140 21654 21981 22553 22615
4335 9839 12018 17838 18123 19645 20192
92 6945 8850 9616 10330 10574 13383 13706 14925 15069 15559 16987
2583 9189 10783 17365 19177 24118
3868 5788 6450 12015 14290 15974
5274 11046 13484 16467 20951 23229
2525 7842 8124 10036 12809 14445 15284 16508 16509 21021
511 2089 4449 4717 6935 11442 15620 19527 21640 22903
487 5491 7986 8229 21314 23272
5991 6709 9415 15178 16127 16786
2594 3664 7252 12198 14129 14739 19655
232 2234 2610 2617 3892 5303 6546 9162 9380 11167 11808 14427 15014 17356 17583
4050 4145 4216 4228 4759 6054 10054 14743 17378 20384
2157 3233 3742 8215 10197 12024 13552 14467
10275 12733 13051 16440 17908 20602
1543 6321 12425 15122 15571 15664 19128 24292
2856 6404 8489 13853 14420 17364
3127 4787 5305 6926 10518 18616 19189 21262
2707 8615 8976 10245 10947 15377
2581 6579 9507 9944 12027 15480 16079
998 1032 5144 5460 20336 23350
417 5128 5256 8943 13642 19051 20284 23861 24178 24228 24419 24446
2648 10175 10977 16851 20805 24121
4826 5583 6857 9066 11598 16276 20752
4372 7549 11357 18582 21387 23092
2859 10722 10767 17171 20266 24385
6549 11388 16114 18044 19961 20367 22766
3005 5567 6141 7204 11083 14152 15672 15922 16889 16900 19528 20763 23372
5321 7469 9524 9588 12995 15857
1172 4857 8178 11785 12307 23016
1293 1426 2944 6069 6530 7960 12462 16254 18172 23538
2924 5827 7089 11178 22787 23104
2001 5299 8039 8834 19975 21343
5545 6022 8561 8576 10131 10887 10982 12545 14410 15562 16727 18274 19324 22213 23152
526 4969 6883 9410 9634 10828 14923 17923 18341 23908
1174 3831 6396 16613 20412 20711 23153
183 1130 4152 11465 17248 19137 19265
161 2049 3436 7104 11106 11498 15268 17296
3398 4392 4932 5386 10383 11492 14983 16182 16314
323 453 1460 8253 17858 23749
418 5549 5777 6962 8769 14598 19514 21407
609 1816 2474 6938 10684 12365 14698 21258 21410
8935 14428 14438 21775 22036 24092
1397 6327 9519 11194 14707 15920 15966 16526 21132 21245 24257
7775 7980 11528 17615 17649 21458
36 18104 18173 19008 20557 22019 22093
1696 8528 9336 12853 16351 18550 20624
3880 4894 7659 9221 9516 10624 13162 13624
